cpu  96813905 2840766 5832631 86997805947 99376 0 170429 0 0 0
cpu0 9623719 522830 2509628 1075427981 21533 0 16684 0 0 0
cpu1 9241185 476666 1195476 1077006370 18272 0 72832 0 0 0
cpu2 19366332 612416 895453 1067336141 19676 0 21856 0 0 0
cpu3 25741041 884502 916343 1060696857 22431 0 21354 0 0 0
cpu4 16179689 344352 285818 1071301276 17449 0 37703 0 0 0
cpu5 1478750 0 655 1087357137 0 0 0 0 0 0
cpu6 803775 0 525 1088032254 0 0 0 0 0 0
cpu7 30968 0 10 1088805592 0 0 0 0 0 0
cpu8 379070 0 2688 1088454757 7 0 0 0 0 0
cpu9 1 0 1 1088836575 0 0 0 0 0 0
cpu10 1055307 0 149 1087781091 0 0 0 0 0 0
cpu11 0 0 1 1088836582 0 0 0 0 0 0
cpu12 0 0 1 1088836564 0 0 0 0 0 0
cpu13 0 0 0 1088836568 0 0 0 0 0 0
cpu14 0 0 0 1088836566 0 0 0 0 0 0
cpu15 0 0 1 1088836582 0 0 0 0 0 0
cpu16 0 0 13 1088836217 0 0 0 0 0 0
cpu17 0 0 0 1088836548 0 0 0 0 0 0
cpu18 0 0 0 1088836434 0 0 0 0 0 0
cpu19 0 0 0 1088836559 0 0 0 0 0 0
cpu20 5890862 0 4973 1082940744 4 0 0 0 0 0
cpu21 0 0 1 1088836567 0 0 0 0 0 0
cpu22 0 0 0 1088836566 0 0 0 0 0 0
cpu23 0 0 0 1088836572 0 0 0 0 0 0
cpu24 0 0 0 1088835125 0 0 0 0 0 0
cpu25 0 0 0 1088836580 0 0 0 0 0 0
cpu26 0 0 0 1088836486 0 0 0 0 0 0
cpu27 0 0 0 1088836537 0 0 0 0 0 0
cpu28 0 0 0 1088836568 0 0 0 0 0 0
cpu29 0 0 0 1088836568 0 0 0 0 0 0
cpu30 166264 0 83 1088670212 0 0 0 0 0 0
cpu31 0 0 0 1088836544 0 0 0 0 0 0
cpu32 97143 0 109 1088739028 0 0 0 0 0 0
cpu33 0 0 0 1088836561 0 0 0 0 0 0
cpu34 0 0 1 1088836464 0 0 0 0 0 0
cpu35 0 0 1 1088836554 0 0 0 0 0 0
cpu36 0 0 1 1088835035 0 0 0 0 0 0
cpu37 0 0 1 1088836549 0 0 0 0 0 0
cpu38 0 0 0 1088836467 0 0 0 0 0 0
cpu39 0 0 0 1088836562 0 0 0 0 0 0
cpu40 1902089 0 3996 1086930465 0 0 0 0 0 0
cpu41 0 0 0 1088836552 0 0 0 0 0 0
cpu42 1101075 0 1173 1087734317 0 0 0 0 0 0
cpu43 0 0 0 1088836600 0 0 0 0 0 0
cpu44 0 0 0 1088836581 0 0 0 0 0 0
cpu45 0 0 1 1088836577 0 0 0 0 0 0
cpu46 0 0 0 1088836577 0 0 0 0 0 0
cpu47 1421869 0 14864 1087399777 0 0 0 0 0 0
cpu48 0 0 11 1088836496 0 0 0 0 0 0
cpu49 0 0 0 1088836567 0 0 0 0 0 0
cpu50 19 0 0 1088836523 0 0 0 0 0 0
cpu51 0 0 0 1088836540 0 0 0 0 0 0
cpu52 0 0 0 1088836570 0 0 0 0 0 0
cpu53 0 0 0 1088836540 0 0 0 0 0 0
cpu54 0 0 0 1088836557 0 0 0 0 0 0
cpu55 0 0 1 1088836559 0 0 0 0 0 0
cpu56 0 0 0 1088836458 0 0 0 0 0 0
cpu57 0 0 1 1088836552 0 0 0 0 0 0
cpu58 0 0 1 1088836456 0 0 0 0 0 0
cpu59 0 0 0 1088836535 0 0 0 0 0 0
cpu60 2322946 0 646 1086512958 0 0 0 0 0 0
cpu61 283 0 0 1088836264 0 0 0 0 0 0
cpu62 0 0 0 1088836543 0 0 0 0 0 0
cpu63 0 0 0 1088836555 0 0 0 0 0 0
cpu64 0 0 0 1088836346 0 0 0 0 0 0
cpu65 0 0 0 1088836540 0 0 0 0 0 0
cpu66 0 0 0 1088836481 0 0 0 0 0 0
cpu67 0 0 0 1088836518 0 0 0 0 0 0
cpu68 0 0 0 1088836536 0 0 0 0 0 0
cpu69 0 0 0 1088836541 0 0 0 0 0 0
cpu70 11513 0 1 1088825023 0 0 0 0 0 0
cpu71 0 0 0 1088836530 0 0 0 0 0 0
cpu72 0 0 0 1088834852 0 0 0 0 0 0
cpu73 0 0 0 1088836528 0 0 0 0 0 0
cpu74 0 0 0 1088834610 0 0 0 0 0 0
cpu75 0 0 0 1088836504 0 0 0 0 0 0
cpu76 0 0 0 1088832528 0 0 0 0 0 0
cpu77 0 0 0 1088836457 0 0 0 0 0 0
cpu78 0 0 0 1088836379 0 0 0 0 0 0
cpu79 5 0 4 1088836478 0 0 0 0 0 0
intr 2058903228 0 10234977 646137680 0 0 0 9848908 0 0 0 0 0 1194825173 0 0 0 0 0 0 0 0 0 0 0 0 0 0 0 0 0 0 414 0 1 0 0 1110 0 0 0 0 0 0 0 0 0 0 0 0 0 0 868 808 0 0 749 707 0 0 0 0 0 0 0 0 0 0 0 0 0 0 0 0 0 0 0 0 0 0 0 0 0 0 0 0 0 0 0 0 0 0 0 0 0 0 0 0 0 0 0 0 36 0 0 0 0 0 0 0 14876 0 0 1 0 0 0 59058005 28210953 10231341 24104175 9716259 39297867 10920451 8617259 6323 0 0 0 0 0 0 0 0 0 0 1494434 1754576 1579482 1595508 1249484 2 4 0 3 0 139 0 0 0 0 0 0 0 0 0 348 0 0 0 0 0 0 0 0 0 0 0 0 0 0 0 0 0 0 0 0 0 0 0 0 0 0 302 0 0 0 0 0 0 0 0 0 0 0 0 0 0 0 0 0 0 0 0 0 0 0 0 0 0 0 0 0 0 0 0
ctxt 3008235751
btime 1778536932
processes 3177002
procs_running 2
procs_blocked 0
softirq 1204463390 9 252485755 2658398 194285742 6328 0 3784278 417861782 125465 333255633
