cpu  138384399 12602530 4602671 19708731716 839418 754015 723606 0 0 0
cpu0 41066353 1507730 1141414 369628482 118588 174850 133691 0 0 0
cpu1 28806570 2353167 316655 381920194 100768 111147 165968 0 0 0
cpu2 15932282 2203708 933653 394246859 162977 118036 154375 0 0 0
cpu3 1892714 314149 177626 411492810 836 9013 3769 0 0 0
cpu4 17449436 171492 32777 396204484 8351 35604 573 0 0 0
cpu5 531977 47761 6799 413311943 617 3035 993 0 0 0
cpu6 826018 0 4633 413073303 604 2004 38 0 0 0
cpu7 413307 0 986 413490605 612 1186 31 0 0 0
cpu8 1833976 0 1214 412066763 763 3943 43 0 0 0
cpu9 27772 0 438 413877433 614 445 21 0 0 0
cpu10 951621 0 84 412952390 514 2049 33 0 0 0
cpu11 27752 0 444 413877422 633 452 21 0 0 0
cpu12 1812929 0 26010 412062757 41 4871 94 0 0 0
cpu13 27776 0 441 413878024 3 444 21 0 0 0
cpu14 0 0 0 413906377 0 305 6 0 0 0
cpu15 27784 0 427 413878010 4 454 20 0 0 0
cpu16 0 0 10 413906337 0 311 7 0 0 0
cpu17 27760 0 439 413878047 4 445 21 0 0 0
cpu18 0 0 0 413906368 0 308 6 0 0 0
cpu19 27770 0 2143 413876234 4 454 23 0 0 0
cpu20 1351989 0 5333 412545831 28 3466 50 0 0 0
cpu21 27747 0 440 413878059 4 449 21 0 0 0
cpu22 0 0 0 413906383 0 308 6 0 0 0
cpu23 30774 0 1467 413873978 3 462 26 0 0 0
cpu24 4262530 2144346 795541 406200473 158968 90132 99207 0 0 0
cpu25 11885563 1984408 256861 399408182 103087 82192 60024 0 0 0
cpu26 8613336 1875765 891672 401985357 181382 99287 104151 0 0 0
cpu27 0 0 0 413906246 0 385 8 0 0 0
cpu28 34217 0 445 413871526 0 474 18 0 0 0
cpu29 164851 0 711 413740310 0 777 23 0 0 0
cpu30 54505 0 565 413850847 1 614 119 0 0 0
cpu31 34126 0 537 413871642 0 459 17 0 0 0
cpu32 138467 0 1280 413766317 0 649 23 0 0 0
cpu33 34096 0 571 413871597 0 434 18 0 0 0
cpu34 34217 0 467 413871574 0 427 18 0 0 0
cpu35 34112 0 552 413871607 0 433 17 0 0 0
cpu36 23 0 0 413906369 0 301 7 0 0 0
cpu37 0 0 0 413906420 0 290 7 0 0 0
cpu38 0 0 0 413906388 0 311 7 0 0 0
cpu39 0 0 0 413906429 0 298 7 0 0 0
cpu40 0 0 0 413906399 0 306 7 0 0 0
cpu41 0 0 0 413906434 0 295 7 0 0 0
cpu42 0 0 0 413906408 0 321 7 0 0 0
cpu43 0 0 0 413906429 0 295 7 0 0 0
cpu44 0 0 0 413906408 0 316 7 0 0 0
cpu45 0 0 0 413906438 0 317 7 0 0 0
cpu46 0 0 0 413906410 0 323 7 0 0 0
cpu47 32 0 19 413906390 0 314 7 0 0 0
intr 2989236818 49 0 0 0 0 0 0 0 0 0 285 0 0 0 0 0 0 0 64 16108071 0 0 0 0 0 0 0 0 0 0 0 0 0 0 0 0 0 0 0 0 0 0 0 0 1083415 9890 285 266 322 279 0 0 0 0 0 0 1138864 0 0 0 0 0 0 0 0 0 0 0 1326320 1766962 17289 256 2341 266 184 0 0 0 0 0 2183333 2405561 0 0 49 0 0 0 0 0 0 0 0 2021065 2021065 2021065 2021065 2021065 2021065 2021065 2021065 2021065 2021065 2021065 2021065 2021065 2021065 2021065 2021065 2021065 2021065 2021065 2021065 2021065 2021065 2021065 2021065 2021065 2021065 2021065 2021065 2021065 2021065 2021065 2021065 2021065 2021065 2021065 2021065 2021065 2021065 2021065 2021065 2021065 2021065 2021065 2021065 2021065 2021065 2021065 2021065 0 0 2021065 2021065 2021065 2021065 2021065 2021065 2021065 2021065 2021065 2021065 2021065 2021065 2021065 2021065 2021065 2021065 2021065 2021065 2021065 2021065 2021065 2021065 2021065 2021065 2021065 2021065 2021065 2021065 2021065 2021065 2021065 2021065 2021065 2021065 2021065 2021065 2021065 2021065 2021065 2021065 2021065 2021065 2021065 2021065 2021065 2021065 2021065 2021065 0 29357591 14218356 16833127 8711781 10927704 1 1 1 1 1 1 1 1 1 1 1 1 1 1 1 0 0 0 0 0 0 0 0 0 0 0 0 0 0 0 0 0 0 0 0 0 0 0 0 0 0 0 0 0 0 0 0 0 0 0 0 0 0 0 0 0 0 0 0 0 0 0 0 0 0 0 0 0 0 0 0 0 0 0 0 0 0 0 0 0 0 0 0 0 0 0 0 0 0 0 0 0 0 0 0 0 0 0 0 0 0 0 0 0 0 0 0 0 0 0 0 0 0 0 0 0 0 0 0 0 0 0 0 0 0 0 0 0 0 0 0 0 0 0 0 0 0 0 0 0 0 0 0 0 0 0 0 0 0 0 0 0 0 0 0 0 0 0 0 0 0 0 0 0 0 0 0 0 0 0 0 0 0 0 0 0 0 0 0 0 0 0 0 0 0 0 0 0 0 0 0 0 0 0 0 0 0 0 0 0 0 0 0 0 0 0 0 0 0 0 0 0 0 0 0 0 0 0 0 0 0 0 0 0 0 0 0 0 0 0 0 0 0 0 0 0 0 0 0 0 0 0 0 0 0 0 0 0 0 0 0 0 0 0 0 0 0 0 0 0 0 0 0 0 0 0 0 0 0 0 0 0 0 0 0 0 0 0 0 0 0 0 0 0 0 0 0 0 0 0 0 0 0 0 0 0 0 0 0 0 0 0 0 0 0 0 0 0 0 0 0 0 0 0 0 0 0 0 0 0 0 0 0 0 0 0 0 0 0 0 0 0 0 0 0 0 0 0 0 0 0 0 0 0 0 0 0 0 0 0 0 0 0 0 0 0 0 0 0 0 0 0 0 0 0 0 0 0 0 0 0 0 0 0 0 0 0 0 0 0 0 0 0 0 0 0 0 0 0 0 0 0 0 0 0 0 0 0 0 0 0 0 0 0 0 0 0 0 0 0 0 0 0 0 0 0 0 0 0 0 0 0 0 0 0 0 0 0 0 0 0 0 0 0 0 0 0 0 0 0 0 0 0 0 0 0 0 0 0 0 0 0 0 0 0 0 0 0 0 0 0 0 0 0 0 0 0 0 0 0 0 0 0 0 0 0 0 0 0 0 0 0 0 0 0 0 0 0 0 0 0 0 0 0 0 0 0 0 0 0 0 0 0 0 0 0 0 0 0 0 0 0 0 0 0 0 0 0 0 0 0 0 0 0 0 0 0 0 0 0 0 0 0 0 0 0 0 0 0 0 0 0 0 0 0 0 0 0 0 0 0 0 0 0 0 0 0 0 0 0 0 0 0 0 0 0 0 0 0 0 0 0 0 0 0 0 0 0 0 0 0 0 0 0 0 0 0 0 0 0 0 0 0 0 0 0 0 0 0 0 0 0 0 0 0 0 0 0 0 0 0 0 0 0 0 0 0 0 0 0 0 0 0 0 0 0 0 0 0 0 0 0 0 0 0 0 0 0 0 0 0 0 0 0 0 0 0 0 0 0 0 0 0 0 0 0 0 0 0 0 0 0 0 0 0 0 0 0 0 0 0 0 0 0 0 0 0 0 0 0 0 0 0 0 0 0 0 0 0 0 0 0 0 0 0 0 0 0 0 0 0 0 0 0 0 0 0 0 0 0 0 0 0 0 0 0 0 0 0 0 0 0 0 0 0 0 0 0 0 0 0 0 0 0 0 0 0 0 0 0 0 0 0 0 0 0 0 0 0 0 0 0 0 0 0 0 0 0 0 0 0 0 0 0 0 0 0 0 0 0 0 0 0 0 0 0 0 0 0 0 0 0 0 0 0 0 0 0 0 0 0 0 0 0 0 0 0 0 0 0 0 0 0 0 0 0 0 0 0 0 0 0 0 0 0 0 0 0 0 0 0 0 0 0 0 0 0 0 0 0 0 0 0 0 0 0 0 0 0 0 0 0 0 0 0 0 0 0 0 0 0 0 0 0 0 0 0 0 0 0 0 0 0 0 0 0 0 0 0 0 0 0 0 0 0 0 0 0 0 0 0 0 0 0 0 0 0 0 0 0 0 0 0 0 0 0 0 0 0 0 0 0 0 0 0 0 0 0 0 0 0 0 0 0 0 0 0 0 0 0 0 0 0 0 0 0 0 0 0 0 0 0 0 0 0 0 0 0 0 0 0 0 0 0 0 0 0 0 0 0 0 0 0 0 0 0 0 0 0 0 0 0 0 0 0 0 0 0 0 0 0 0 0 0 0 0 0 0 0 0 0 0 0 0 0 0 0 0 0 0 0 0 0 0 0 0 0 0 0 0 0 0 0 0 0 0 0 0 0 0 0 0 0 0 0 0 0 0 0 0 0 0 0 0 0 0 0 0 0 0 0 0 0 0 0 0 0 0 0 0 0 0 0 0 0 0 0 0 0 0 0 0 0 0 0 0 0 0 0 0 0 0 0 0 0 0 0 0 0 0 0 0 0 0 0 0 0 0 0 0 0 0 0 0 0 0 0 0 0 0 0 0 0 0 0 0 0 0 0 0 0 0 0 0 0 0 0 0 0 0 0 0 0 0 0 0 0 0 0 0 0 0 0 0 0 0 0 0 0 0 0 0 0 0 0 0 0 0 0 0 0 0 0 0 0 0 0 0 0 0 0 0 0 0 0 0 0 0 0 0 0 0 0 0 0 0 0 0 0 0 0 0 0 0 0 0 0 0 0 0 0 0 0 0 0 0 0 0 0 0 0 0 0 0 0 0 0 0 0 0 0 0 0 0 0 0 0 0 0 0 0 0 0 0 0 0 0 0 0 0 0 0 0 0 0 0 0 0 0 0 0 0 0 0 0 0 0 0 0 0 0 0 0 0 0 0 0 0 0 0 0 0 0 0 0 0 0 0 0 0 0 0 0 0 0 0 0 0 0 0 0 0 0 0 0 0 0 0 0 0 0 0 0 0 0 0 0 0 0 0 0 0 0 0 0 0 0 0 0 0 0 0 0 0 0 0 0 0 0 0 0 0 0 0 0 0 0 0 0 0 0 0 0 0 0 0 0 0 0 0 0 0 0 0 0 0 0 0 0 0 0 0 0 0 0 0 0 0 0 0 0 0 0 0 0 0 0 0 0 0 0 0 0 0 0 0 0 0 0 0 0 0 0 0 0 0 0 0 0 0 0 0 0 0 0 0 0 0 0 0 0 0 0 0 0 0 0 0 0 0 0 0 0 0 0 0 0 0 0 0 0 0 0 0 0 0 0 0 0 0 0 0 0 0 0 0 0
ctxt 2261201627
btime 1785276302
processes 1789390
procs_running 5
procs_blocked 0
softirq 1730615329 16108009 287287888 428524 110174580 9884829 0 6772523 655779802 58534 644120640
