Linux 5.14.0-611.38.1.el9_7.x86_64 (skylark.ece.ncsu.edu) 	09/10/26 	_x86_64_	(64 CPU)

12:54:14     CPU    %usr   %nice    %sys %iowait    %irq   %soft  %steal  %guest  %gnice   %idle
12:54:15     all    3.11    0.00    0.03    0.00    0.03    0.00    0.00    0.00    0.00   96.83
12:54:15       0    0.00    0.00    0.00    0.00    0.00    0.00    0.00    0.00    0.00  100.00
12:54:15       1    0.00    0.00    0.00    0.00    0.00    0.00    0.00    0.00    0.00  100.00
12:54:15       2   99.00    0.00    1.00    0.00    0.00    0.00    0.00    0.00    0.00    0.00
12:54:15       3    0.00    0.00    0.00    0.00    0.00    0.00    0.00    0.00    0.00  100.00
12:54:15       4    0.00    0.00    0.99    0.00    0.00    0.00    0.00    0.00    0.00   99.01
12:54:15       5    0.00    0.00    0.00    0.00    0.00    0.00    0.00    0.00    0.00  100.00
12:54:15       6    0.00    0.00    0.00    0.00    0.00    0.00    0.00    0.00    0.00  100.00
12:54:15       7    0.00    0.00    0.00    0.00    0.00    0.00    0.00    0.00    0.00  100.00
12:54:15       8    0.00    0.00    0.00    0.00    0.00    0.00    0.00    0.00    0.00  100.00
12:54:15       9    0.00    0.00    0.00    0.00    0.00    0.00    0.00    0.00    0.00  100.00
12:54:15      10    0.00    0.00    0.00    0.00    0.00    0.00    0.00    0.00    0.00  100.00
12:54:15      11    0.00    0.00    0.00    0.00    0.00    0.00    0.00    0.00    0.00  100.00
12:54:15      12    0.00    0.00    0.00    0.00    0.00    0.00    0.00    0.00    0.00  100.00
12:54:15      13    0.00    0.00    0.00    0.00    0.00    0.00    0.00    0.00    0.00  100.00
12:54:15      14    0.00    0.00    0.00    0.00    0.00    0.00    0.00    0.00    0.00  100.00
12:54:15      15    0.00    0.00    0.00    0.00    0.99    0.00    0.00    0.00    0.00   99.01
12:54:15      16    0.00    0.00    0.00    0.00    0.00    0.00    0.00    0.00    0.00  100.00
12:54:15      17    0.00    0.00    0.00    0.00    0.00    0.00    0.00    0.00    0.00  100.00
12:54:15      18    0.00    0.00    0.00    0.00    0.00    0.00    0.00    0.00    0.00  100.00
12:54:15      19    0.00    0.00    0.00    0.00    0.00    0.00    0.00    0.00    0.00  100.00
12:54:15      20   99.01    0.00    0.00    0.00    0.99    0.00    0.00    0.00    0.00    0.00
12:54:15      21    0.00    0.00    0.00    0.00    0.00    0.00    0.00    0.00    0.00  100.00
12:54:15      22    0.00    0.00    0.00    0.00    0.00    0.00    0.00    0.00    0.00  100.00
12:54:15      23    0.00    0.00    0.00    0.00    0.00    0.00    0.00    0.00    0.00  100.00
12:54:15      24    0.00    0.00    0.00    0.00    0.00    0.00    0.00    0.00    0.00  100.00
12:54:15      25    0.00    0.00    0.00    0.00    0.00    0.00    0.00    0.00    0.00  100.00
12:54:15      26    0.00    0.00    0.00    0.00    0.00    0.00    0.00    0.00    0.00  100.00
12:54:15      27    0.00    0.00    0.00    0.00    0.00    0.00    0.00    0.00    0.00  100.00
12:54:15      28    0.00    0.00    0.00    0.00    0.00    0.00    0.00    0.00    0.00  100.00
12:54:15      29    0.00    0.00    0.00    0.00    0.00    0.00    0.00    0.00    0.00  100.00
12:54:15      30    0.00    0.00    0.00    0.00    0.00    0.00    0.00    0.00    0.00  100.00
12:54:15      31    0.00    0.00    0.00    0.00    0.00    0.00    0.00    0.00    0.00  100.00
12:54:15      32    0.00    0.00    0.00    0.00    0.00    0.00    0.00    0.00    0.00  100.00
12:54:15      33    0.00    0.00    0.00    0.00    0.00    0.00    0.00    0.00    0.00  100.00
12:54:15      34    0.00    0.00    0.00    0.00    0.00    0.00    0.00    0.00    0.00  100.00
12:54:15      35    0.00    0.00    0.00    0.00    0.00    0.00    0.00    0.00    0.00  100.00
12:54:15      36    0.00    0.00    0.00    0.00    0.00    0.00    0.00    0.00    0.00  100.00
12:54:15      37    0.00    0.00    0.00    0.00    0.00    0.00    0.00    0.00    0.00  100.00
12:54:15      38    0.00    0.00    0.00    0.00    0.00    0.00    0.00    0.00    0.00  100.00
12:54:15      39    0.00    0.00    0.00    0.00    0.00    0.00    0.00    0.00    0.00  100.00
12:54:15      40    0.00    0.00    0.00    0.00    0.00    0.00    0.00    0.00    0.00  100.00
12:54:15      41    0.00    0.00    0.00    0.00    0.00    0.00    0.00    0.00    0.00  100.00
12:54:15      42    0.00    0.00    0.00    0.00    0.00    0.00    0.00    0.00    0.00  100.00
12:54:15      43    0.00    0.00    0.00    0.00    0.00    0.00    0.00    0.00    0.00  100.00
12:54:15      44    0.00    0.00    0.00    0.00    0.00    0.00    0.00    0.00    0.00  100.00
12:54:15      45    0.00    0.00    0.00    0.00    0.00    0.00    0.00    0.00    0.00  100.00
12:54:15      46    0.00    0.00    0.00    0.00    0.00    0.00    0.00    0.00    0.00  100.00
12:54:15      47    0.00    0.00    0.00    0.00    0.00    0.00    0.00    0.00    0.00  100.00
12:54:15      48    0.00    0.00    0.00    0.00    0.00    0.00    0.00    0.00    0.00  100.00
12:54:15      49    0.00    0.00    0.00    0.00    0.00    0.00    0.00    0.00    0.00  100.00
12:54:15      50    0.00    0.00    0.00    0.00    0.00    0.00    0.00    0.00    0.00  100.00
12:54:15      51    0.00    0.00    0.00    0.00    0.00    0.00    0.00    0.00    0.00  100.00
12:54:15      52    0.00    0.00    0.00    0.00    0.00    0.00    0.00    0.00    0.00  100.00
12:54:15      53    0.00    0.00    0.00    0.00    0.00    0.00    0.00    0.00    0.00  100.00
12:54:15      54    0.00    0.00    0.00    0.00    0.00    0.00    0.00    0.00    0.00  100.00
12:54:15      55    0.00    0.00    0.00    0.00    0.00    0.00    0.00    0.00    0.00  100.00
12:54:15      56    0.00    0.00    0.00    0.00    0.00    0.00    0.00    0.00    0.00  100.00
12:54:15      57    0.00    0.00    0.00    0.00    0.00    0.00    0.00    0.00    0.00  100.00
12:54:15      58    0.00    0.00    0.00    0.00    0.00    0.00    0.00    0.00    0.00  100.00
12:54:15      59    0.00    0.00    0.00    0.00    0.00    0.00    0.00    0.00    0.00  100.00
12:54:15      60    0.00    0.00    0.00    0.00    0.00    0.00    0.00    0.00    0.00  100.00
12:54:15      61    0.00    0.00    0.00    0.00    0.00    0.00    0.00    0.00    0.00  100.00
12:54:15      62    0.00    0.00    0.00    0.00    0.00    0.00    0.00    0.00    0.00  100.00
12:54:15      63    0.00    0.00    0.00    0.00    0.00    0.00    0.00    0.00    0.00  100.00

12:54:15     CPU    %usr   %nice    %sys %iowait    %irq   %soft  %steal  %guest  %gnice   %idle
12:54:16     all    3.09    0.03    0.02    0.00    0.03    0.00    0.00    0.00    0.00   96.83
12:54:16       0    0.00    0.00    0.00    0.00    0.00    0.00    0.00    0.00    0.00  100.00
12:54:16       1    0.00    0.00    0.00    0.00    0.00    0.00    0.00    0.00    0.00  100.00
12:54:16       2   98.02    0.00    0.99    0.00    0.99    0.00    0.00    0.00    0.00    0.00
12:54:16       3    0.00    0.00    0.00    0.00    0.00    0.00    0.00    0.00    0.00  100.00
12:54:16       4    0.00    1.00    0.00    0.00    0.00    0.00    0.00    0.00    0.00   99.00
12:54:16       5    0.00    0.99    0.00    0.00    0.00    0.00    0.00    0.00    0.00   99.01
12:54:16       6    0.00    0.00    0.00    0.00    0.00    0.00    0.00    0.00    0.00  100.00
12:54:16       7    0.00    0.00    0.00    0.00    0.00    0.00    0.00    0.00    0.00  100.00
12:54:16       8    0.00    0.00    0.00    0.00    0.00    0.00    0.00    0.00    0.00  100.00
12:54:16       9    0.00    0.00    0.00    0.00    0.99    0.00    0.00    0.00    0.00   99.01
12:54:16      10    0.00    0.00    0.00    0.00    0.00    0.00    0.00    0.00    0.00  100.00
12:54:16      11    0.00    0.00    0.00    0.00    0.00    0.00    0.00    0.00    0.00  100.00
12:54:16      12    0.00    0.00    0.00    0.00    0.00    0.00    0.00    0.00    0.00  100.00
12:54:16      13    0.00    0.00    0.00    0.00    0.00    0.00    0.00    0.00    0.00  100.00
12:54:16      14    0.00    0.00    0.00    0.00    0.00    0.00    0.00    0.00    0.00  100.00
12:54:16      15    0.00    0.00    0.00    0.00    0.00    0.00    0.00    0.00    0.00  100.00
12:54:16      16    0.00    0.00    0.00    0.00    0.00    0.00    0.00    0.00    0.00  100.00
12:54:16      17    0.00    0.00    0.00    0.00    0.00    0.00    0.00    0.00    0.00  100.00
12:54:16      18    0.00    0.00    0.00    0.00    0.00    0.00    0.00    0.00    0.00  100.00
12:54:16      19    0.00    0.00    0.00    0.00    0.00    0.00    0.00    0.00    0.00  100.00
12:54:16      20  100.00    0.00    0.00    0.00    0.00    0.00    0.00    0.00    0.00    0.00
12:54:16      21    0.00    0.00    0.00    0.00    0.00    0.00    0.00    0.00    0.00  100.00
12:54:16      22    0.00    0.00    0.00    0.00    0.00    0.00    0.00    0.00    0.00  100.00
12:54:16      23    0.00    0.00    0.00    0.00    0.00    0.00    0.00    0.00    0.00  100.00
12:54:16      24    0.00    0.00    0.00    0.00    0.00    0.00    0.00    0.00    0.00  100.00
12:54:16      25    0.00    0.00    0.00    0.00    0.00    0.00    0.00    0.00    0.00  100.00
12:54:16      26    0.00    0.00    0.00    0.00    0.00    0.00    0.00    0.00    0.00  100.00
12:54:16      27    0.00    0.00    0.00    0.00    0.00    0.00    0.00    0.00    0.00  100.00
12:54:16      28    0.00    0.00    0.00    0.00    0.00    0.00    0.00    0.00    0.00  100.00
12:54:16      29    0.00    0.00    0.00    0.00    0.00    0.00    0.00    0.00    0.00  100.00
12:54:16      30    0.00    0.00    0.00    0.00    0.00    0.00    0.00    0.00    0.00  100.00
12:54:16      31    0.00    0.00    0.00    0.00    0.00    0.00    0.00    0.00    0.00  100.00
12:54:16      32    0.00    0.00    0.00    0.00    0.00    0.00    0.00    0.00    0.00  100.00
12:54:16      33    0.00    0.00    0.00    0.00    0.00    0.00    0.00    0.00    0.00  100.00
12:54:16      34    0.00    0.00    0.00    0.00    0.00    0.00    0.00    0.00    0.00  100.00
12:54:16      35    0.00    0.00    0.00    0.00    0.00    0.00    0.00    0.00    0.00  100.00
12:54:16      36    0.00    0.00    0.00    0.00    0.00    0.00    0.00    0.00    0.00  100.00
12:54:16      37    0.00    0.00    0.00    0.00    0.00    0.00    0.00    0.00    0.00  100.00
12:54:16      38    0.00    0.00    0.00    0.00    0.00    0.00    0.00    0.00    0.00  100.00
12:54:16      39    0.00    0.00    0.00    0.00    0.00    0.00    0.00    0.00    0.00  100.00
12:54:16      40    0.00    0.00    0.00    0.00    0.00    0.00    0.00    0.00    0.00  100.00
12:54:16      41    0.00    0.00    0.00    0.00    0.00    0.00    0.00    0.00    0.00  100.00
12:54:16      42    0.00    0.00    0.00    0.00    0.00    0.00    0.00    0.00    0.00  100.00
12:54:16      43    0.00    0.00    0.00    0.00    0.00    0.00    0.00    0.00    0.00  100.00
12:54:16      44    0.00    0.00    0.00    0.00    0.00    0.00    0.00    0.00    0.00  100.00
12:54:16      45    0.00    0.00    0.00    0.00    0.00    0.00    0.00    0.00    0.00  100.00
12:54:16      46    0.00    0.00    0.00    0.00    0.00    0.00    0.00    0.00    0.00  100.00
12:54:16      47    0.00    0.00    0.00    0.00    0.00    0.00    0.00    0.00    0.00  100.00
12:54:16      48    0.00    0.00    0.00    0.00    0.00    0.00    0.00    0.00    0.00  100.00
12:54:16      49    0.00    0.00    0.00    0.00    0.00    0.00    0.00    0.00    0.00  100.00
12:54:16      50    0.00    0.00    0.00    0.00    0.00    0.00    0.00    0.00    0.00  100.00
12:54:16      51    0.00    0.00    0.00    0.00    0.00    0.00    0.00    0.00    0.00  100.00
12:54:16      52    0.00    0.00    0.00    0.00    0.00    0.00    0.00    0.00    0.00  100.00
12:54:16      53    0.00    0.00    0.00    0.00    0.00    0.00    0.00    0.00    0.00  100.00
12:54:16      54    0.00    0.00    0.00    0.00    0.00    0.00    0.00    0.00    0.00  100.00
12:54:16      55    0.00    0.00    0.00    0.00    0.00    0.00    0.00    0.00    0.00  100.00
12:54:16      56    0.00    0.00    0.00    0.00    0.00    0.00    0.00    0.00    0.00  100.00
12:54:16      57    0.00    0.00    0.00    0.00    0.00    0.00    0.00    0.00    0.00  100.00
12:54:16      58    0.00    0.00    0.00    0.00    0.00    0.00    0.00    0.00    0.00  100.00
12:54:16      59    0.00    0.00    0.00    0.00    0.00    0.00    0.00    0.00    0.00  100.00
12:54:16      60    0.00    0.00    0.00    0.00    0.00    0.00    0.00    0.00    0.00  100.00
12:54:16      61    0.00    0.00    0.00    0.00    0.00    0.00    0.00    0.00    0.00  100.00
12:54:16      62    0.00    0.00    0.00    0.00    0.00    0.00    0.00    0.00    0.00  100.00
12:54:16      63    0.00    0.00    0.00    0.00    0.00    0.00    0.00    0.00    0.00  100.00

12:54:16     CPU    %usr   %nice    %sys %iowait    %irq   %soft  %steal  %guest  %gnice   %idle
12:54:17     all    3.10    0.00    0.02    0.00    0.00    0.00    0.00    0.00    0.00   96.89
12:54:17       0    0.00    0.00    0.00    0.00    0.00    0.00    0.00    0.00    0.00  100.00
12:54:17       1    0.00    0.00    0.00    0.00    0.00    0.00    0.00    0.00    0.00  100.00
12:54:17       2   98.99    0.00    1.01    0.00    0.00    0.00    0.00    0.00    0.00    0.00
12:54:17       3    0.00    0.00    0.00    0.00    0.00    0.00    0.00    0.00    0.00  100.00
12:54:17       4    0.00    0.00    0.00    0.00    0.00    0.00    0.00    0.00    0.00  100.00
12:54:17       5    0.00    0.00    0.00    0.00    0.00    0.00    0.00    0.00    0.00  100.00
12:54:17       6    0.00    0.00    0.00    0.00    0.00    0.00    0.00    0.00    0.00  100.00
12:54:17       7    0.00    0.00    0.00    0.00    0.00    0.00    0.00    0.00    0.00  100.00
12:54:17       8    0.00    0.00    0.00    0.00    0.00    0.00    0.00    0.00    0.00  100.00
12:54:17       9    0.00    0.00    0.00    0.00    0.00    0.00    0.00    0.00    0.00  100.00
12:54:17      10    0.00    0.00    0.00    0.00    0.00    0.00    0.00    0.00    0.00  100.00
12:54:17      11    0.00    0.00    0.00    0.00    0.00    0.00    0.00    0.00    0.00  100.00
12:54:17      12    0.00    0.00    0.00    0.00    0.00    0.00    0.00    0.00    0.00  100.00
12:54:17      13    0.00    0.00    0.00    0.00    0.00    0.00    0.00    0.00    0.00  100.00
12:54:17      14    0.00    0.00    0.00    0.00    0.00    0.00    0.00    0.00    0.00  100.00
12:54:17      15    0.00    0.00    0.00    0.00    0.00    0.00    0.00    0.00    0.00  100.00
12:54:17      16    0.00    0.00    0.00    0.00    0.00    0.00    0.00    0.00    0.00  100.00
12:54:17      17    0.00    0.00    0.00    0.00    0.00    0.00    0.00    0.00    0.00  100.00
12:54:17      18    0.00    0.00    0.00    0.00    0.00    0.00    0.00    0.00    0.00  100.00
12:54:17      19    0.00    0.00    0.00    0.00    0.00    0.00    0.00    0.00    0.00  100.00
12:54:17      20  100.00    0.00    0.00    0.00    0.00    0.00    0.00    0.00    0.00    0.00
12:54:17      21    0.00    0.00    0.00    0.00    0.00    0.00    0.00    0.00    0.00  100.00
12:54:17      22    0.00    0.00    0.00    0.00    0.00    0.00    0.00    0.00    0.00  100.00
12:54:17      23    0.00    0.00    0.00    0.00    0.00    0.00    0.00    0.00    0.00  100.00
12:54:17      24    0.00    0.00    0.00    0.00    0.00    0.00    0.00    0.00    0.00  100.00
12:54:17      25    0.00    0.00    0.00    0.00    0.00    0.00    0.00    0.00    0.00  100.00
12:54:17      26    0.00    0.00    0.00    0.00    0.00    0.00    0.00    0.00    0.00  100.00
12:54:17      27    0.00    0.00    0.00    0.00    0.00    0.00    0.00    0.00    0.00  100.00
12:54:17      28    0.00    0.00    0.00    0.00    0.00    0.00    0.00    0.00    0.00  100.00
12:54:17      29    0.00    0.00    0.00    0.00    0.00    0.00    0.00    0.00    0.00  100.00
12:54:17      30    0.00    0.00    0.00    0.00    0.00    0.00    0.00    0.00    0.00  100.00
12:54:17      31    0.00    0.00    0.00    0.00    0.00    0.00    0.00    0.00    0.00  100.00
12:54:17      32    0.00    0.00    0.00    0.00    0.00    0.00    0.00    0.00    0.00  100.00
12:54:17      33    0.00    0.00    0.00    0.00    0.00    0.00    0.00    0.00    0.00  100.00
12:54:17      34    0.00    0.00    0.00    0.00    0.00    0.00    0.00    0.00    0.00  100.00
12:54:17      35    0.00    0.00    0.00    0.00    0.00    0.00    0.00    0.00    0.00  100.00
12:54:17      36    0.00    0.00    0.00    0.00    0.00    0.00    0.00    0.00    0.00  100.00
12:54:17      37    0.00    0.00    0.00    0.00    0.00    0.00    0.00    0.00    0.00  100.00
12:54:17      38    0.00    0.00    0.00    0.00    0.00    0.00    0.00    0.00    0.00  100.00
12:54:17      39    0.00    0.00    0.00    0.00    0.00    0.00    0.00    0.00    0.00  100.00
12:54:17      40    0.00    0.00    0.00    0.00    0.00    0.00    0.00    0.00    0.00  100.00
12:54:17      41    0.00    0.00    0.00    0.00    0.00    0.00    0.00    0.00    0.00  100.00
12:54:17      42    0.00    0.00    0.00    0.00    0.00    0.00    0.00    0.00    0.00  100.00
12:54:17      43    0.00    0.00    0.00    0.00    0.00    0.00    0.00    0.00    0.00  100.00
12:54:17      44    0.00    0.00    0.00    0.00    0.00    0.00    0.00    0.00    0.00  100.00
12:54:17      45    0.00    0.00    0.00    0.00    0.00    0.00    0.00    0.00    0.00  100.00
12:54:17      46    0.00    0.00    0.00    0.00    0.00    0.00    0.00    0.00    0.00  100.00
12:54:17      47    0.00    0.00    0.00    0.00    0.00    0.00    0.00    0.00    0.00  100.00
12:54:17      48    0.00    0.00    0.00    0.00    0.00    0.00    0.00    0.00    0.00  100.00
12:54:17      49    0.00    0.00    0.00    0.00    0.00    0.00    0.00    0.00    0.00  100.00
12:54:17      50    0.00    0.00    0.00    0.00    0.00    0.00    0.00    0.00    0.00  100.00
12:54:17      51    0.00    0.00    0.00    0.00    0.00    0.00    0.00    0.00    0.00  100.00
12:54:17      52    0.00    0.00    0.00    0.00    0.00    0.00    0.00    0.00    0.00  100.00
12:54:17      53    0.00    0.00    0.00    0.00    0.00    0.00    0.00    0.00    0.00  100.00
12:54:17      54    0.00    0.00    0.00    0.00    0.00    0.00    0.00    0.00    0.00  100.00
12:54:17      55    0.00    0.00    0.00    0.00    0.00    0.00    0.00    0.00    0.00  100.00
12:54:17      56    0.00    0.00    0.00    0.00    0.00    0.00    0.00    0.00    0.00  100.00
12:54:17      57    0.00    0.00    0.00    0.00    0.00    0.00    0.00    0.00    0.00  100.00
12:54:17      58    0.00    0.00    0.00    0.00    0.00    0.00    0.00    0.00    0.00  100.00
12:54:17      59    0.00    0.00    0.00    0.00    0.00    0.00    0.00    0.00    0.00  100.00
12:54:17      60    0.00    0.00    0.00    0.00    0.00    0.00    0.00    0.00    0.00  100.00
12:54:17      61    0.00    0.00    0.00    0.00    0.00    0.00    0.00    0.00    0.00  100.00
12:54:17      62    0.00    0.00    0.00    0.00    0.00    0.00    0.00    0.00    0.00  100.00
12:54:17      63    0.00    0.00    0.00    0.00    0.00    0.00    0.00    0.00    0.00  100.00

Average:     CPU    %usr   %nice    %sys %iowait    %irq   %soft  %steal  %guest  %gnice   %idle
Average:     all    3.10    0.01    0.02    0.00    0.02    0.00    0.00    0.00    0.00   96.85
Average:       0    0.00    0.00    0.00    0.00    0.00    0.00    0.00    0.00    0.00  100.00
Average:       1    0.00    0.00    0.00    0.00    0.00    0.00    0.00    0.00    0.00  100.00
Average:       2   98.67    0.00    1.00    0.00    0.33    0.00    0.00    0.00    0.00    0.00
Average:       3    0.00    0.00    0.00    0.00    0.00    0.00    0.00    0.00    0.00  100.00
Average:       4    0.00    0.33    0.33    0.00    0.00    0.00    0.00    0.00    0.00   99.34
Average:       5    0.00    0.33    0.00    0.00    0.00    0.00    0.00    0.00    0.00   99.67
Average:       6    0.00    0.00    0.00    0.00    0.00    0.00    0.00    0.00    0.00  100.00
Average:       7    0.00    0.00    0.00    0.00    0.00    0.00    0.00    0.00    0.00  100.00
Average:       8    0.00    0.00    0.00    0.00    0.00    0.00    0.00    0.00    0.00  100.00
Average:       9    0.00    0.00    0.00    0.00    0.33    0.00    0.00    0.00    0.00   99.67
Average:      10    0.00    0.00    0.00    0.00    0.00    0.00    0.00    0.00    0.00  100.00
Average:      11    0.00    0.00    0.00    0.00    0.00    0.00    0.00    0.00    0.00  100.00
Average:      12    0.00    0.00    0.00    0.00    0.00    0.00    0.00    0.00    0.00  100.00
Average:      13    0.00    0.00    0.00    0.00    0.00    0.00    0.00    0.00    0.00  100.00
Average:      14    0.00    0.00    0.00    0.00    0.00    0.00    0.00    0.00    0.00  100.00
Average:      15    0.00    0.00    0.00    0.00    0.33    0.00    0.00    0.00    0.00   99.67
Average:      16    0.00    0.00    0.00    0.00    0.00    0.00    0.00    0.00    0.00  100.00
Average:      17    0.00    0.00    0.00    0.00    0.00    0.00    0.00    0.00    0.00  100.00
Average:      18    0.00    0.00    0.00    0.00    0.00    0.00    0.00    0.00    0.00  100.00
Average:      19    0.00    0.00    0.00    0.00    0.00    0.00    0.00    0.00    0.00  100.00
Average:      20   99.67    0.00    0.00    0.00    0.33    0.00    0.00    0.00    0.00    0.00
Average:      21    0.00    0.00    0.00    0.00    0.00    0.00    0.00    0.00    0.00  100.00
Average:      22    0.00    0.00    0.00    0.00    0.00    0.00    0.00    0.00    0.00  100.00
Average:      23    0.00    0.00    0.00    0.00    0.00    0.00    0.00    0.00    0.00  100.00
Average:      24    0.00    0.00    0.00    0.00    0.00    0.00    0.00    0.00    0.00  100.00
Average:      25    0.00    0.00    0.00    0.00    0.00    0.00    0.00    0.00    0.00  100.00
Average:      26    0.00    0.00    0.00    0.00    0.00    0.00    0.00    0.00    0.00  100.00
Average:      27    0.00    0.00    0.00    0.00    0.00    0.00    0.00    0.00    0.00  100.00
Average:      28    0.00    0.00    0.00    0.00    0.00    0.00    0.00    0.00    0.00  100.00
Average:      29    0.00    0.00    0.00    0.00    0.00    0.00    0.00    0.00    0.00  100.00
Average:      30    0.00    0.00    0.00    0.00    0.00    0.00    0.00    0.00    0.00  100.00
Average:      31    0.00    0.00    0.00    0.00    0.00    0.00    0.00    0.00    0.00  100.00
Average:      32    0.00    0.00    0.00    0.00    0.00    0.00    0.00    0.00    0.00  100.00
Average:      33    0.00    0.00    0.00    0.00    0.00    0.00    0.00    0.00    0.00  100.00
Average:      34    0.00    0.00    0.00    0.00    0.00    0.00    0.00    0.00    0.00  100.00
Average:      35    0.00    0.00    0.00    0.00    0.00    0.00    0.00    0.00    0.00  100.00
Average:      36    0.00    0.00    0.00    0.00    0.00    0.00    0.00    0.00    0.00  100.00
Average:      37    0.00    0.00    0.00    0.00    0.00    0.00    0.00    0.00    0.00  100.00
Average:      38    0.00    0.00    0.00    0.00    0.00    0.00    0.00    0.00    0.00  100.00
Average:      39    0.00    0.00    0.00    0.00    0.00    0.00    0.00    0.00    0.00  100.00
Average:      40    0.00    0.00    0.00    0.00    0.00    0.00    0.00    0.00    0.00  100.00
Average:      41    0.00    0.00    0.00    0.00    0.00    0.00    0.00    0.00    0.00  100.00
Average:      42    0.00    0.00    0.00    0.00    0.00    0.00    0.00    0.00    0.00  100.00
Average:      43    0.00    0.00    0.00    0.00    0.00    0.00    0.00    0.00    0.00  100.00
Average:      44    0.00    0.00    0.00    0.00    0.00    0.00    0.00    0.00    0.00  100.00
Average:      45    0.00    0.00    0.00    0.00    0.00    0.00    0.00    0.00    0.00  100.00
Average:      46    0.00    0.00    0.00    0.00    0.00    0.00    0.00    0.00    0.00  100.00
Average:      47    0.00    0.00    0.00    0.00    0.00    0.00    0.00    0.00    0.00  100.00
Average:      48    0.00    0.00    0.00    0.00    0.00    0.00    0.00    0.00    0.00  100.00
Average:      49    0.00    0.00    0.00    0.00    0.00    0.00    0.00    0.00    0.00  100.00
Average:      50    0.00    0.00    0.00    0.00    0.00    0.00    0.00    0.00    0.00  100.00
Average:      51    0.00    0.00    0.00    0.00    0.00    0.00    0.00    0.00    0.00  100.00
Average:      52    0.00    0.00    0.00    0.00    0.00    0.00    0.00    0.00    0.00  100.00
Average:      53    0.00    0.00    0.00    0.00    0.00    0.00    0.00    0.00    0.00  100.00
Average:      54    0.00    0.00    0.00    0.00    0.00    0.00    0.00    0.00    0.00  100.00
Average:      55    0.00    0.00    0.00    0.00    0.00    0.00    0.00    0.00    0.00  100.00
Average:      56    0.00    0.00    0.00    0.00    0.00    0.00    0.00    0.00    0.00  100.00
Average:      57    0.00    0.00    0.00    0.00    0.00    0.00    0.00    0.00    0.00  100.00
Average:      58    0.00    0.00    0.00    0.00    0.00    0.00    0.00    0.00    0.00  100.00
Average:      59    0.00    0.00    0.00    0.00    0.00    0.00    0.00    0.00    0.00  100.00
Average:      60    0.00    0.00    0.00    0.00    0.00    0.00    0.00    0.00    0.00  100.00
Average:      61    0.00    0.00    0.00    0.00    0.00    0.00    0.00    0.00    0.00  100.00
Average:      62    0.00    0.00    0.00    0.00    0.00    0.00    0.00    0.00    0.00  100.00
Average:      63    0.00    0.00    0.00    0.00    0.00    0.00    0.00    0.00    0.00  100.00
