cpu  138371045 12602503 4601580 19708564444 839412 753939 723553 0 0 0
cpu0 41062595 1507730 1141401 369628482 118588 174832 133690 0 0 0
cpu1 28803883 2353167 316441 381919331 100768 111132 165960 0 0 0
cpu2 15928521 2203708 933640 394246859 162977 118023 154372 0 0 0
cpu3 1892714 314140 177615 411489041 836 9013 3769 0 0 0
cpu4 17449436 171476 32776 396200710 8351 35604 573 0 0 0
cpu5 531977 47761 6799 413308154 617 3035 993 0 0 0
cpu6 826018 0 4633 413069513 604 2004 38 0 0 0
cpu7 413307 0 986 413486816 612 1186 31 0 0 0
cpu8 1833976 0 1214 412062973 763 3943 43 0 0 0
cpu9 27772 0 438 413873643 614 445 21 0 0 0
cpu10 951621 0 84 412948600 514 2049 33 0 0 0
cpu11 27752 0 444 413873632 633 452 21 0 0 0
cpu12 1812929 0 26010 412058967 41 4871 94 0 0 0
cpu13 27776 0 441 413874234 3 444 21 0 0 0
cpu14 0 0 0 413902587 0 305 6 0 0 0
cpu15 27784 0 427 413874220 4 454 20 0 0 0
cpu16 0 0 10 413902547 0 311 7 0 0 0
cpu17 27760 0 439 413874257 4 445 21 0 0 0
cpu18 0 0 0 413902578 0 308 6 0 0 0
cpu19 27770 0 2143 413872444 4 454 23 0 0 0
cpu20 1351989 0 5333 412542041 28 3466 50 0 0 0
cpu21 27747 0 440 413874269 4 449 21 0 0 0
cpu22 0 0 0 413902593 0 308 6 0 0 0
cpu23 30774 0 1467 413870188 3 462 26 0 0 0
cpu24 4261492 2144345 795246 406198049 158966 90124 99192 0 0 0
cpu25 11884333 1984408 256658 399405856 103084 82181 60016 0 0 0
cpu26 8612456 1875764 891330 401982834 181380 99277 104133 0 0 0
cpu27 0 0 0 413902457 0 385 8 0 0 0
cpu28 34217 0 445 413867736 0 474 18 0 0 0
cpu29 164851 0 711 413736520 0 777 23 0 0 0
cpu30 54505 0 565 413847058 1 614 119 0 0 0
cpu31 34126 0 537 413867852 0 459 17 0 0 0
cpu32 138467 0 1280 413762528 0 649 23 0 0 0
cpu33 34096 0 571 413867807 0 434 18 0 0 0
cpu34 34217 0 467 413867784 0 427 18 0 0 0
cpu35 34112 0 552 413867817 0 433 17 0 0 0
cpu36 23 0 0 413902579 0 301 7 0 0 0
cpu37 0 0 0 413902630 0 290 7 0 0 0
cpu38 0 0 0 413902599 0 311 7 0 0 0
cpu39 0 0 0 413902639 0 298 7 0 0 0
cpu40 0 0 0 413902609 0 306 7 0 0 0
cpu41 0 0 0 413902644 0 295 7 0 0 0
cpu42 0 0 0 413902618 0 321 7 0 0 0
cpu43 0 0 0 413902639 0 295 7 0 0 0
cpu44 0 0 0 413902618 0 316 7 0 0 0
cpu45 0 0 0 413902648 0 317 7 0 0 0
cpu46 0 0 0 413902620 0 323 7 0 0 0
cpu47 32 0 19 413902600 0 314 7 0 0 0
intr 2989032469 49 0 0 0 0 0 0 0 0 0 285 0 0 0 0 0 0 0 64 16107923 0 0 0 0 0 0 0 0 0 0 0 0 0 0 0 0 0 0 0 0 0 0 0 0 1083400 9890 285 266 322 279 0 0 0 0 0 0 1138779 0 0 0 0 0 0 0 0 0 0 0 1326320 1766962 17289 256 2341 266 184 0 0 0 0 0 2183246 2405490 0 0 49 0 0 0 0 0 0 0 0 2021046 2021046 2021046 2021046 2021046 2021046 2021046 2021046 2021046 2021046 2021046 2021046 2021046 2021046 2021046 2021046 2021046 2021046 2021046 2021046 2021046 2021046 2021046 2021046 2021046 2021046 2021046 2021046 2021046 2021046 2021046 2021046 2021046 2021046 2021046 2021046 2021046 2021046 2021046 2021046 2021046 2021046 2021046 2021046 2021046 2021046 2021046 2021046 0 0 2021046 2021046 2021046 2021046 2021046 2021046 2021046 2021046 2021046 2021046 2021046 2021046 2021046 2021046 2021046 2021046 2021046 2021046 2021046 2021046 2021046 2021046 2021046 2021046 2021046 2021046 2021046 2021046 2021046 2021046 2021046 2021046 2021046 2021046 2021046 2021046 2021046 2021046 2021046 2021046 2021046 2021046 2021046 2021046 2021046 2021046 2021046 2021046 0 29355325 14216934 16833031 8711313 10927490 1 1 1 1 1 1 1 1 1 1 1 1 1 1 1 0 0 0 0 0 0 0 0 0 0 0 0 0 0 0 0 0 0 0 0 0 0 0 0 0 0 0 0 0 0 0 0 0 0 0 0 0 0 0 0 0 0 0 0 0 0 0 0 0 0 0 0 0 0 0 0 0 0 0 0 0 0 0 0 0 0 0 0 0 0 0 0 0 0 0 0 0 0 0 0 0 0 0 0 0 0 0 0 0 0 0 0 0 0 0 0 0 0 0 0 0 0 0 0 0 0 0 0 0 0 0 0 0 0 0 0 0 0 0 0 0 0 0 0 0 0 0 0 0 0 0 0 0 0 0 0 0 0 0 0 0 0 0 0 0 0 0 0 0 0 0 0 0 0 0 0 0 0 0 0 0 0 0 0 0 0 0 0 0 0 0 0 0 0 0 0 0 0 0 0 0 0 0 0 0 0 0 0 0 0 0 0 0 0 0 0 0 0 0 0 0 0 0 0 0 0 0 0 0 0 0 0 0 0 0 0 0 0 0 0 0 0 0 0 0 0 0 0 0 0 0 0 0 0 0 0 0 0 0 0 0 0 0 0 0 0 0 0 0 0 0 0 0 0 0 0 0 0 0 0 0 0 0 0 0 0 0 0 0 0 0 0 0 0 0 0 0 0 0 0 0 0 0 0 0 0 0 0 0 0 0 0 0 0 0 0 0 0 0 0 0 0 0 0 0 0 0 0 0 0 0 0 0 0 0 0 0 0 0 0 0 0 0 0 0 0 0 0 0 0 0 0 0 0 0 0 0 0 0 0 0 0 0 0 0 0 0 0 0 0 0 0 0 0 0 0 0 0 0 0 0 0 0 0 0 0 0 0 0 0 0 0 0 0 0 0 0 0 0 0 0 0 0 0 0 0 0 0 0 0 0 0 0 0 0 0 0 0 0 0 0 0 0 0 0 0 0 0 0 0 0 0 0 0 0 0 0 0 0 0 0 0 0 0 0 0 0 0 0 0 0 0 0 0 0 0 0 0 0 0 0 0 0 0 0 0 0 0 0 0 0 0 0 0 0 0 0 0 0 0 0 0 0 0 0 0 0 0 0 0 0 0 0 0 0 0 0 0 0 0 0 0 0 0 0 0 0 0 0 0 0 0 0 0 0 0 0 0 0 0 0 0 0 0 0 0 0 0 0 0 0 0 0 0 0 0 0 0 0 0 0 0 0 0 0 0 0 0 0 0 0 0 0 0 0 0 0 0 0 0 0 0 0 0 0 0 0 0 0 0 0 0 0 0 0 0 0 0 0 0 0 0 0 0 0 0 0 0 0 0 0 0 0 0 0 0 0 0 0 0 0 0 0 0 0 0 0 0 0 0 0 0 0 0 0 0 0 0 0 0 0 0 0 0 0 0 0 0 0 0 0 0 0 0 0 0 0 0 0 0 0 0 0 0 0 0 0 0 0 0 0 0 0 0 0 0 0 0 0 0 0 0 0 0 0 0 0 0 0 0 0 0 0 0 0 0 0 0 0 0 0 0 0 0 0 0 0 0 0 0 0 0 0 0 0 0 0 0 0 0 0 0 0 0 0 0 0 0 0 0 0 0 0 0 0 0 0 0 0 0 0 0 0 0 0 0 0 0 0 0 0 0 0 0 0 0 0 0 0 0 0 0 0 0 0 0 0 0 0 0 0 0 0 0 0 0 0 0 0 0 0 0 0 0 0 0 0 0 0 0 0 0 0 0 0 0 0 0 0 0 0 0 0 0 0 0 0 0 0 0 0 0 0 0 0 0 0 0 0 0 0 0 0 0 0 0 0 0 0 0 0 0 0 0 0 0 0 0 0 0 0 0 0 0 0 0 0 0 0 0 0 0 0 0 0 0 0 0 0 0 0 0 0 0 0 0 0 0 0 0 0 0 0 0 0 0 0 0 0 0 0 0 0 0 0 0 0 0 0 0 0 0 0 0 0 0 0 0 0 0 0 0 0 0 0 0 0 0 0 0 0 0 0 0 0 0 0 0 0 0 0 0 0 0 0 0 0 0 0 0 0 0 0 0 0 0 0 0 0 0 0 0 0 0 0 0 0 0 0 0 0 0 0 0 0 0 0 0 0 0 0 0 0 0 0 0 0 0 0 0 0 0 0 0 0 0 0 0 0 0 0 0 0 0 0 0 0 0 0 0 0 0 0 0 0 0 0 0 0 0 0 0 0 0 0 0 0 0 0 0 0 0 0 0 0 0 0 0 0 0 0 0 0 0 0 0 0 0 0 0 0 0 0 0 0 0 0 0 0 0 0 0 0 0 0 0 0 0 0 0 0 0 0 0 0 0 0 0 0 0 0 0 0 0 0 0 0 0 0 0 0 0 0 0 0 0 0 0 0 0 0 0 0 0 0 0 0 0 0 0 0 0 0 0 0 0 0 0 0 0 0 0 0 0 0 0 0 0 0 0 0 0 0 0 0 0 0 0 0 0 0 0 0 0 0 0 0 0 0 0 0 0 0 0 0 0 0 0 0 0 0 0 0 0 0 0 0 0 0 0 0 0 0 0 0 0 0 0 0 0 0 0 0 0 0 0 0 0 0 0 0 0 0 0 0 0 0 0 0 0 0 0 0 0 0 0 0 0 0 0 0 0 0 0 0 0 0 0 0 0 0 0 0 0 0 0 0 0 0 0 0 0 0 0 0 0 0 0 0 0 0 0 0 0 0 0 0 0 0 0 0 0 0 0 0 0 0 0 0 0 0 0 0 0 0 0 0 0 0 0 0 0 0 0 0 0 0 0 0 0 0 0 0 0 0 0 0 0 0 0 0 0 0 0 0 0 0 0 0 0 0 0 0 0 0 0 0 0 0 0 0 0 0 0 0 0 0 0 0 0 0 0 0 0 0 0 0 0 0 0 0 0 0 0 0 0 0 0 0 0 0 0 0 0 0 0 0 0 0 0 0 0 0 0 0 0 0 0 0 0 0 0 0 0 0 0 0 0 0 0 0 0 0 0 0 0 0 0 0 0 0 0 0 0 0 0 0 0 0 0 0 0 0 0 0 0 0 0 0 0 0 0 0 0 0 0 0 0 0 0 0 0 0 0 0 0 0 0 0 0 0 0 0 0 0 0 0 0 0 0 0 0 0 0 0 0 0 0 0 0 0 0 0 0 0 0 0 0 0 0 0 0 0 0 0 0 0 0 0 0 0 0 0 0 0 0 0 0 0 0 0 0
ctxt 2261042712
btime 1785276302
processes 1788898
procs_running 3
procs_blocked 0
softirq 1730508090 16107861 287278221 428524 110166840 9884573 0 6772515 655754105 58534 644056917
