cpu  96876505 2840766 5834755 87000680189 99378 0 170532 0 0 0
cpu0 9626040 522830 2510130 1075461694 21534 0 16708 0 0 0
cpu1 9242646 476666 1196028 1077040932 18272 0 72859 0 0 0
cpu2 19388946 612416 895841 1067349827 19678 0 21867 0 0 0
cpu3 25742626 884502 916771 1060731483 22431 0 21373 0 0 0
cpu4 16214308 344352 286072 1071303125 17449 0 37725 0 0 0
cpu5 1478750 0 655 1087393881 0 0 0 0 0 0
cpu6 803775 0 525 1088068998 0 0 0 0 0 0
cpu7 30968 0 10 1088842336 0 0 0 0 0 0
cpu8 379070 0 2688 1088491501 7 0 0 0 0 0
cpu9 1 0 1 1088873319 0 0 0 0 0 0
cpu10 1055307 0 149 1087817835 0 0 0 0 0 0
cpu11 0 0 1 1088873326 0 0 0 0 0 0
cpu12 0 0 1 1088873308 0 0 0 0 0 0
cpu13 0 0 0 1088873312 0 0 0 0 0 0
cpu14 0 0 0 1088873310 0 0 0 0 0 0
cpu15 0 0 1 1088873326 0 0 0 0 0 0
cpu16 0 0 13 1088872961 0 0 0 0 0 0
cpu17 0 0 0 1088873293 0 0 0 0 0 0
cpu18 0 0 0 1088873178 0 0 0 0 0 0
cpu19 0 0 0 1088873303 0 0 0 0 0 0
cpu20 5890862 0 4973 1082977488 4 0 0 0 0 0
cpu21 0 0 1 1088873311 0 0 0 0 0 0
cpu22 0 0 0 1088873310 0 0 0 0 0 0
cpu23 0 0 0 1088873316 0 0 0 0 0 0
cpu24 0 0 0 1088871869 0 0 0 0 0 0
cpu25 0 0 0 1088873324 0 0 0 0 0 0
cpu26 0 0 0 1088873230 0 0 0 0 0 0
cpu27 0 0 0 1088873281 0 0 0 0 0 0
cpu28 0 0 0 1088873312 0 0 0 0 0 0
cpu29 0 0 0 1088873313 0 0 0 0 0 0
cpu30 166264 0 83 1088706956 0 0 0 0 0 0
cpu31 0 0 0 1088873288 0 0 0 0 0 0
cpu32 97143 0 109 1088775773 0 0 0 0 0 0
cpu33 0 0 0 1088873305 0 0 0 0 0 0
cpu34 0 0 1 1088873208 0 0 0 0 0 0
cpu35 0 0 1 1088873298 0 0 0 0 0 0
cpu36 0 0 1 1088871779 0 0 0 0 0 0
cpu37 0 0 1 1088873293 0 0 0 0 0 0
cpu38 0 0 0 1088873211 0 0 0 0 0 0
cpu39 0 0 0 1088873306 0 0 0 0 0 0
cpu40 1902089 0 3996 1086967209 0 0 0 0 0 0
cpu41 0 0 0 1088873296 0 0 0 0 0 0
cpu42 1101075 0 1173 1087771061 0 0 0 0 0 0
cpu43 0 0 0 1088873344 0 0 0 0 0 0
cpu44 0 0 0 1088873325 0 0 0 0 0 0
cpu45 0 0 1 1088873321 0 0 0 0 0 0
cpu46 0 0 0 1088873321 0 0 0 0 0 0
cpu47 1421869 0 14864 1087436521 0 0 0 0 0 0
cpu48 0 0 11 1088873240 0 0 0 0 0 0
cpu49 0 0 0 1088873311 0 0 0 0 0 0
cpu50 19 0 0 1088873267 0 0 0 0 0 0
cpu51 0 0 0 1088873284 0 0 0 0 0 0
cpu52 0 0 0 1088873314 0 0 0 0 0 0
cpu53 0 0 0 1088873284 0 0 0 0 0 0
cpu54 0 0 0 1088873301 0 0 0 0 0 0
cpu55 0 0 1 1088873303 0 0 0 0 0 0
cpu56 0 0 0 1088873202 0 0 0 0 0 0
cpu57 0 0 1 1088873296 0 0 0 0 0 0
cpu58 0 0 1 1088873200 0 0 0 0 0 0
cpu59 0 0 0 1088873280 0 0 0 0 0 0
cpu60 2322946 0 646 1086549702 0 0 0 0 0 0
cpu61 283 0 0 1088873008 0 0 0 0 0 0
cpu62 0 0 0 1088873287 0 0 0 0 0 0
cpu63 0 0 0 1088873299 0 0 0 0 0 0
cpu64 0 0 0 1088873090 0 0 0 0 0 0
cpu65 0 0 0 1088873284 0 0 0 0 0 0
cpu66 0 0 0 1088873226 0 0 0 0 0 0
cpu67 0 0 0 1088873262 0 0 0 0 0 0
cpu68 0 0 0 1088873280 0 0 0 0 0 0
cpu69 0 0 0 1088873285 0 0 0 0 0 0
cpu70 11513 0 1 1088861767 0 0 0 0 0 0
cpu71 0 0 0 1088873274 0 0 0 0 0 0
cpu72 0 0 0 1088871596 0 0 0 0 0 0
cpu73 0 0 0 1088873272 0 0 0 0 0 0
cpu74 0 0 0 1088871354 0 0 0 0 0 0
cpu75 0 0 0 1088873248 0 0 0 0 0 0
cpu76 0 0 0 1088869272 0 0 0 0 0 0
cpu77 0 0 0 1088873201 0 0 0 0 0 0
cpu78 0 0 0 1088873123 0 0 0 0 0 0
cpu79 5 0 4 1088873222 0 0 0 0 0 0
intr 2059508181 0 10239042 646377806 0 0 0 9851153 0 0 0 0 0 1195109231 0 0 0 0 0 0 0 0 0 0 0 0 0 0 0 0 0 0 414 0 1 0 0 1110 0 0 0 0 0 0 0 0 0 0 0 0 0 0 868 808 0 0 749 707 0 0 0 0 0 0 0 0 0 0 0 0 0 0 0 0 0 0 0 0 0 0 0 0 0 0 0 0 0 0 0 0 0 0 0 0 0 0 0 0 0 0 0 0 36 0 0 0 0 0 0 0 14877 0 0 1 0 0 0 59065236 28211313 10232194 24132482 9717845 39301237 10930485 8637227 6323 0 0 0 0 0 0 0 0 0 0 1494945 1755285 1580659 1595624 1249720 2 4 0 3 0 139 0 0 0 0 0 0 0 0 0 348 0 0 0 0 0 0 0 0 0 0 0 0 0 0 0 0 0 0 0 0 0 0 0 0 0 0 302 0 0 0 0 0 0 0 0 0 0 0 0 0 0 0 0 0 0 0 0 0 0 0 0 0 0 0 0 0 0 0 0
ctxt 3009063941
btime 1778536932
processes 3179011
procs_running 2
procs_blocked 0
softirq 1204866229 9 252534864 2658399 194398441 6328 0 3784433 417966055 125465 333392235
