cpu  2941661283 899904201 430260394 56602174476 11688783 0 2285576 0 0 0
cpu0 20645088 8361156 6262577 503245818 425049 0 43810 0 0 0
cpu1 16291642 13612609 6463596 506258700 440756 0 36374 0 0 0
cpu2 23291532 14887284 5837912 498873675 441789 0 45962 0 0 0
cpu3 18275446 15569312 5800939 503311953 441559 0 33863 0 0 0
cpu4 38085241 16017153 5723211 483137630 459844 0 39977 0 0 0
cpu5 20288527 17193237 5746969 499744043 446212 0 34419 0 0 0
cpu6 19707827 18029663 5860045 499335256 433498 0 48151 0 0 0
cpu7 19542381 17479762 5770479 500157535 460004 0 34248 0 0 0
cpu8 19228957 17501573 5619401 500583455 467573 0 34518 0 0 0
cpu9 19554210 17725517 5645892 500019569 449338 0 35416 0 0 0
cpu10 20019643 17641782 5606392 499663967 468141 0 34337 0 0 0
cpu11 19640140 17990127 5529021 499772753 460389 0 35957 0 0 0
cpu12 19797688 18102323 5543560 499795533 151405 0 34951 0 0 0
cpu13 19658234 17607470 5520343 500434269 161926 0 35349 0 0 0
cpu14 19501291 17665237 5781684 500073636 82906 0 189299 0 0 0
cpu15 20095500 16932822 5683499 500567341 94948 0 39937 0 0 0
cpu16 19431949 17314530 6253058 500137771 116209 0 73963 0 0 0
cpu17 19577330 16713364 5830404 501142447 109217 0 35443 0 0 0
cpu18 19993361 16726677 5760854 500782270 110366 0 35428 0 0 0
cpu19 19594674 16579953 5641407 501427153 125673 0 35145 0 0 0
cpu20 23105543 16054028 5614144 498485913 120108 0 35505 0 0 0
cpu21 19993087 16112007 5553445 501578772 124519 0 36740 0 0 0
cpu22 20410459 15955456 5500697 501356128 137498 0 38243 0 0 0
cpu23 21947852 15920155 5518229 499844798 136775 0 38543 0 0 0
cpu24 19611501 15648227 5645197 502290392 128344 0 48541 0 0 0
cpu25 19401006 15538750 5587189 502710037 139835 0 35201 0 0 0
cpu26 19401840 15662681 5529594 502597276 163422 0 35158 0 0 0
cpu27 24230305 16346974 5923713 496704317 141720 0 35098 0 0 0
cpu28 105762016 0 4863881 433399854 24316 0 3014 0 0 0
cpu29 62880375 0 4403971 476733710 39300 0 578 0 0 0
cpu30 69003536 0 4447328 470583704 25411 0 483 0 0 0
cpu31 70098976 0 4816130 469113834 28603 0 547 0 0 0
cpu32 48079504 0 3435935 492513854 28381 0 556 0 0 0
cpu33 85211103 0 4780670 454030197 37208 0 511 0 0 0
cpu34 68344499 0 4766414 470918836 27863 0 527 0 0 0
cpu35 37214829 0 2861975 503944021 38645 0 506 0 0 0
cpu36 49948654 0 2963051 491033253 35153 0 497 0 0 0
cpu37 54398223 0 3468065 486080154 33058 0 466 0 0 0
cpu38 70850001 0 4424864 468673161 29529 0 499 0 0 0
cpu39 42828819 0 2504944 498608176 34534 0 503 0 0 0
cpu40 41154886 0 2521905 500276685 23149 0 516 0 0 0
cpu41 69288718 0 4435281 470222898 27306 0 568 0 0 0
cpu42 37345885 0 2187062 504420891 26460 0 477 0 0 0
cpu43 53807735 0 3232025 486904961 34039 0 556 0 0 0
cpu44 54213012 0 3490091 486237717 33653 0 536 0 0 0
cpu45 64238980 0 4061570 475645069 33149 0 486 0 0 0
cpu46 50971366 0 3297661 489675396 32890 0 479 0 0 0
cpu47 56426749 0 3605008 483907513 36813 0 534 0 0 0
cpu48 90557772 0 6024435 447352335 36427 0 574 0 0 0
cpu49 74017608 0 4827076 465094841 36128 0 552 0 0 0
cpu50 66663284 0 3980019 473301154 28251 0 573 0 0 0
cpu51 52184214 0 3159757 488596234 30640 0 484 0 0 0
cpu52 60393412 0 3816265 479725847 38935 0 532 0 0 0
cpu53 74031129 0 4648440 465261916 29446 0 629 0 0 0
cpu54 50480533 0 3066279 490386919 35156 0 462 0 0 0
cpu55 73559037 0 4729225 465639222 40943 0 452 0 0 0
cpu56 23623091 19493295 5674371 494373630 156317 0 37407 0 0 0
cpu57 22895192 18959194 7158215 494187760 137296 0 36131 0 0 0
cpu58 22208088 18011285 6014969 496945717 137244 0 35504 0 0 0
cpu59 22629017 17746385 5978438 496812393 140099 0 34364 0 0 0
cpu60 21411455 16698227 5780835 499284164 132502 0 40494 0 0 0
cpu61 21999005 16740456 5734112 498704887 128488 0 34651 0 0 0
cpu62 21755413 16783703 5828536 498762849 136024 0 47643 0 0 0
cpu63 21578134 15780448 5649258 500192408 116860 0 35999 0 0 0
cpu64 21747599 15661977 5639807 500144108 116759 0 36598 0 0 0
cpu65 21587998 15479136 5659349 500477956 109644 0 35963 0 0 0
cpu66 21535688 15289493 5674186 500689195 109869 0 43270 0 0 0
cpu67 21516140 14731362 5575127 501390599 108771 0 34331 0 0 0
cpu68 21671332 15234933 5560144 500755642 102847 0 33761 0 0 0
cpu69 21488837 15198728 5567668 500939497 110533 0 37332 0 0 0
cpu70 21195910 14683176 5565764 501770042 96871 0 40011 0 0 0
cpu71 21142058 14397380 5555641 502101674 119676 0 38186 0 0 0
cpu72 21700255 14255089 5555187 501703256 105912 0 33139 0 0 0
cpu73 21582150 14584775 5507752 501554296 103510 0 34128 0 0 0
cpu74 21350666 14263005 5521260 502073591 119925 0 33716 0 0 0
cpu75 21559338 14243238 5533267 501864785 122301 0 33061 0 0 0
cpu76 22838055 14955989 5670332 499719026 122414 0 40758 0 0 0
cpu77 22784017 15076570 5661678 499678912 108674 0 34007 0 0 0
cpu78 22421311 15381851 5685488 499689049 128397 0 39183 0 0 0
cpu79 22773649 15612454 5617147 499192961 121261 0 35784 0 0 0
cpu80 22350853 15530891 5703381 499600578 102148 0 40485 0 0 0
cpu81 22642740 15633175 5618925 499300340 118847 0 34341 0 0 0
cpu82 22841318 16549911 5673553 498118378 109493 0 34251 0 0 0
cpu83 31452200 16038221 6243948 489438683 118918 0 34362 0 0 0
cpu84 35 0 1689 543995840 0 0 0 0 0 0
cpu85 0 0 0 543995976 0 0 0 0 0 0
cpu86 0 0 0 543993924 0 0 0 0 0 0
cpu87 0 0 0 543995102 0 0 0 0 0 0
cpu88 0 0 0 543993827 0 0 0 0 0 0
cpu89 0 0 0 543994901 0 0 0 0 0 0
cpu90 0 0 0 543992673 0 0 0 0 0 0
cpu91 0 0 0 543991794 0 0 0 0 0 0
cpu92 4452 0 18 543985193 0 0 0 0 0 0
cpu93 0 0 0 543988843 0 0 0 0 0 0
cpu94 0 0 0 543986767 0 0 0 0 0 0
cpu95 0 0 0 543985434 0 0 0 0 0 0
cpu96 0 0 0 543985100 0 0 0 0 0 0
cpu97 0 0 0 543980019 0 0 0 0 0 0
cpu98 0 0 0 543986139 0 0 0 0 0 0
cpu99 0 0 0 543984545 0 0 0 0 0 0
cpu100 1021092 0 553 542959835 0 0 0 0 0 0
cpu101 0 0 0 543985170 0 0 0 0 0 0
cpu102 0 0 0 543983769 0 0 0 0 0 0
cpu103 0 0 0 543982075 0 0 0 0 0 0
cpu104 0 0 0 543977670 0 0 0 0 0 0
cpu105 0 0 0 543981553 0 0 0 0 0 0
cpu106 0 0 0 543977878 0 0 0 0 0 0
cpu107 0 0 0 543976305 0 0 0 0 0 0
cpu108 0 0 0 543979774 0 0 0 0 0 0
cpu109 0 0 0 543974885 0 0 0 0 0 0
cpu110 0 0 0 543971168 0 0 0 0 0 0
cpu111 77049 0 76972 543807130 2728 0 1 0 0 0
intr 190804300780 115 0 0 0 0 0 0 0 0 10881955 0 0 0 0 0 0 0 0 0 0 0 0 0 0 0 0 0 0 0 0 0 0 0 0 0 0 0 0 231 0 0 1 0 1 0 1 0 1 0 0 0 0 0 0 0 0 0 0 0 1 0 0 0 0 0 0 0 0 0 0 0 0 0 0 7968816 0 0 0 0 0 0 0 24213639 30881465 79453584 634677460 39118545 26674236 78819654 27932503 24322059 26440098 20839568 24493923 19737055 21218179 132937159 83805245 58593310 55761571 79177426 27562100 27026745 50105937 27791977 26944643 39788848 207016786 28352353 37654330 0 0 0 0 0 0 0 0 0 0 0 0 0 0 0 0 0 0 0 0 0 0 0 0 0 0 0 0 1075166 1072973 1068270 1073313 1075031 1075474 1074436 1072847 1360030 622875 562946 619047 570531 555512 639367 493980 499935 598274 712339 475062 506832 673049 430647 521260 646558 630548 567546 621439 772801 663275 730936 569725 589377 688414 636373 841706 0 0 0 0 0 0 0 0 0 0 0 0 0 0 0 0 2 0 0 0 0 0 0 0 0 0 0 13204 2449046 4267123 4089571 3719630 4194374 3775796 3915635 4102297 3833402 3969412 3898617 3875320 3945134 3873371 3828554 3780691 3847706 4100039 3589226 4004156 3435275 3261501 3659261 3772866 3040320 3711241 3806880 3420538 2442081 3100837 3003079 2523396 2777064 2446525 2513880 2775434 2526927 2446376 2558565 2302021 2355108 2455123 2413997 2329144 2671757 2426383 2432357 2466865 2476733 2509667 2372496 2527384 2549861 2544572 2285174 2276038 0 0 0 0 0 0 0 0 0 0 0 0 0 0 0 0 0 0 0 0 0 0 0 0 0 0 0 0 0 0 0 0 0 0 0 0 0 0 0 0 0 0 0 0 0 0 0 0 0 0 0 0 0 0 0 0 0 0 0 0 0 0 0 0 0 0 0 29001 0 0 0 0 0 0 0 0 0 0 0 0 0 0 0 0 0 0 0 0 0 0 0 0 0 0 0 0 0 0 0 0 0 0 0 0 0 0 0 0 0 0 0 0 0 0 0 0 0 0 0 0 0 0 0 0 0 0 0 0 0 0 0 0 13135 9 0 0 0 0 0 0 0 0 20025 0 0 0 0 0 0 0 0 0 0 0 0 0 0 0 0 0 19839 0 0 0 0 0 0 0 0 7 0 11 0 0 0 259439 0 5 0 0 0 0 0 0 0 0 0 0 0 0 0 0 0 0 0 0 0 0 0 0 0 0 0 0 0 0 0 0 0 0 0 0 0 0 0 0 0 0 0 0 0 0 0 0 0 0 0 0 0 0 0 0 0 0 0 0 0 0 0 0 0 0 0 0 0 0 0 0 0 0 0 0 0 0 0 0 0 0 0 0 0 0 0 0 0 0 0 0 0 0 0 0 0 0 0 0 0 0 0 0 0 0 0 0 0 0 0 0 0 0 0 0 0 0 0 0 0 0 0 0 0 0 0 0 0 0 0 0 0 0 0 0 0 0 0 0 0 0 0 0 0 0 0 0 0 0 0 0 0 0 0 0 0 0 0 0 0 0 0 0 0 0 0 0 0 0 0 0 0 0 0 0 0 0 0 0 0 0 0 0 0 0 0 0 0 0 0 0 0 0 0 0 0 0 0 0 0 0 0 0 0 0 0 0 0 0 0 0 0 0 0 0 0 0 0 0 0 0 0 0 0 0 0 0 0 0 0 0 0 0 0 0 0 0 0 0 0 0 0 0 0 0 0 0 0 0 0 0 0 0 0 0 0 0 0 0 0 0 0 0 0 0 0 0 0 0 0 0 0 0 0 0 0 0 0 0 0 0 0 0 0 0 0 0 0 0 0 0 0 0 0 0 0 0 0 0 0 0 0 0 0 0 0 0 0 0 0 0 0 0 0 0 0 0 0 0 0 0 0 0 0 0 0 0 0 0 0 0 0 0 0 0 0 0 0 0 0 0 0 0 0 0 0 0 0 0 0 0 0 0 0 0 0 0 0 0 0 0 0 0 0 0 0 0 0 0 0 0 0 0 0 0 0 0 0 0 0 0 0 0 0 0 0 0 0 0 0 0 0 0 0 0 0 0 0 0 0 0 0 0 0 0 0 0 0 0 0 0 0 0 0 0 0 0 0 0 0 0 0 0 0 0 0 0 0 0 0 0 0 0 0 0 0 0 0 0 0 0 0 0 0 0 0 0 0 0 0 0 0 0 0 0 0 0 0 0 0 0 0 0 0 0 0 0 0 0 0 0 0 0 0 0 0 0 0 0 0 0 0 0 0 0 0 0 0 0 0 0 0 0 0 0 0 0 0 0 0 0 0 0 0 0 0 0 0 0 0 0 0 0 0 0 0 0 0 0 0 0 0 0 0 0 0 0 0 0 0 0 0 0 0 0 0 0 0 0 0 0 0 0 0 0 0 0 0 0 0 0 0 0 0 0 0 0 0 0 0 0 0 0 0 0 0 0 0 0 0 0 0 0 0 0 0 0 0 0 0 0 0 0 0 0 0 0 0 0 0 0 0 0 0 0 0 0 0 0 0 0 0 0 0 0 0 0 0 0 0 0 0 0 0 0 0 0 0 0 0 0 0 0 0 0 0 0 0 0 0 0 0 0 0 0 0 0 0 0 0 0 0 0 0 0 0 0 0 0 0 0 0 0 0 0 0 0 0 0 0 0 0 0 0 0 0 0 0 0 0 0 0 0 0 0 0 0 0 0 0 0 0 0 0 0 0 0 0 0 0 0 0 0 0 0 0 0 0 0 0 0 0 0 0 0 0 0 0 0 0 0 0 0 0 0 0 0 0 0 0 0 0 0 0 0 0 0 0 0 0 0 0 0 0 0 0 0 0 0 0 0 0 0 0 0 0 0 0 0 0 0 0 0 0 0 0 0 0 0 0 0 0 0 0 0 0 0 0 0 0 0 0 0 0 0 0 0 0 0 0 0 0 0 0 0 0 0 0 0 0 0 0 0 0 0 0 0 0 0 0 0 0 0 0 0 0 0 0 0 0 0 0 0 0 0 0 0 0 0 0 0 0 0 0 0 0 0 0 0 0 0 0 0 0 0 0 0 0 0 0 0 0 0 0 0 0 0 0 0 0 0 0 0 0 0 0 0 0 0 0 0 0 0 0 0 0 0 0 0 0 0 0 0 0 0 0 0 0 0 0 0 0 0 0 0
ctxt 173817244229
btime 1783966742
processes 637728437
procs_running 6
procs_blocked 0
softirq 29199301608 8 1201569829 26315289 2009192502 0 0 220275720 1565802930 9829488 2691479362
