cpu  2941650395 899900453 430259133 56601907503 11688783 0 2285574 0 0 0
cpu0 20642748 8361156 6262389 503245818 425049 0 43810 0 0 0
cpu1 16291618 13612608 6463579 506256262 440756 0 36374 0 0 0
cpu2 23289079 14887284 5837838 498873675 441789 0 45962 0 0 0
cpu3 18275422 15569312 5800933 503309461 441559 0 33863 0 0 0
cpu4 38082713 16017153 5723211 483137630 459844 0 39977 0 0 0
cpu5 20286000 17193237 5746969 499744043 446212 0 34419 0 0 0
cpu6 19707817 18029662 5860038 499332749 433498 0 48151 0 0 0
cpu7 19542372 17479761 5770468 500155028 460004 0 34248 0 0 0
cpu8 19228953 17501523 5619398 500580987 467573 0 34518 0 0 0
cpu9 19554203 17725466 5645826 500017166 449338 0 35416 0 0 0
cpu10 20019637 17641781 5606299 499661541 468141 0 34337 0 0 0
cpu11 19640140 17989618 5528999 499770756 460389 0 35957 0 0 0
cpu12 19797663 18102264 5543538 499793115 151405 0 34951 0 0 0
cpu13 19658234 17606121 5520283 500433151 161926 0 35349 0 0 0
cpu14 19501281 17665183 5781681 500071178 82906 0 189299 0 0 0
cpu15 20095450 16932822 5683491 500564880 94948 0 39937 0 0 0
cpu16 19431893 17314530 6253048 500135319 116209 0 73963 0 0 0
cpu17 19577278 16713363 5830395 501139988 109217 0 35443 0 0 0
cpu18 19993314 16726675 5760847 500779810 110366 0 35428 0 0 0
cpu19 19594667 16579428 5641392 501425173 125673 0 35145 0 0 0
cpu20 23105512 16054001 5614068 498483522 120108 0 35505 0 0 0
cpu21 19993025 16112007 5553438 501576328 124519 0 36740 0 0 0
cpu22 20410395 15955431 5500689 501353708 137498 0 38243 0 0 0
cpu23 21947792 15920155 5518223 499842348 136775 0 38543 0 0 0
cpu24 19611437 15648189 5645190 502287983 128344 0 48541 0 0 0
cpu25 19400954 15538750 5587151 502707609 139835 0 35201 0 0 0
cpu26 19401826 15662629 5529590 502594819 163422 0 35157 0 0 0
cpu27 24230295 16346973 5923709 496701808 141720 0 35097 0 0 0
cpu28 105762016 0 4863881 433397327 24316 0 3014 0 0 0
cpu29 62880375 0 4403971 476731182 39300 0 578 0 0 0
cpu30 69003536 0 4447328 470581176 25411 0 483 0 0 0
cpu31 70098976 0 4816130 469111306 28603 0 547 0 0 0
cpu32 48079504 0 3435935 492511326 28381 0 556 0 0 0
cpu33 85211103 0 4780670 454027670 37208 0 511 0 0 0
cpu34 68344499 0 4766414 470916309 27863 0 527 0 0 0
cpu35 37214829 0 2861975 503941493 38645 0 506 0 0 0
cpu36 49948654 0 2963051 491030725 35153 0 497 0 0 0
cpu37 54398223 0 3468065 486077626 33058 0 466 0 0 0
cpu38 70850001 0 4424864 468670633 29529 0 499 0 0 0
cpu39 42828819 0 2504944 498605648 34534 0 503 0 0 0
cpu40 41154886 0 2521905 500274157 23149 0 516 0 0 0
cpu41 69288718 0 4435281 470220370 27306 0 568 0 0 0
cpu42 37345885 0 2187062 504418363 26460 0 477 0 0 0
cpu43 53807735 0 3232025 486902433 34039 0 556 0 0 0
cpu44 54213012 0 3490091 486235189 33653 0 536 0 0 0
cpu45 64238980 0 4061570 475642542 33149 0 486 0 0 0
cpu46 50971366 0 3297661 489672868 32890 0 479 0 0 0
cpu47 56426749 0 3605008 483904985 36813 0 534 0 0 0
cpu48 90557772 0 6024435 447349807 36427 0 574 0 0 0
cpu49 74017608 0 4827076 465092313 36128 0 552 0 0 0
cpu50 66663284 0 3980019 473298627 28251 0 573 0 0 0
cpu51 52184214 0 3159757 488593706 30640 0 484 0 0 0
cpu52 60393412 0 3816265 479723319 38935 0 532 0 0 0
cpu53 74031129 0 4648440 465259389 29446 0 629 0 0 0
cpu54 50480533 0 3066279 490384391 35156 0 462 0 0 0
cpu55 73559037 0 4729225 465636694 40943 0 452 0 0 0
cpu56 23623090 19493295 5674369 494371106 156317 0 37407 0 0 0
cpu57 22895188 18959143 7158212 494185290 137296 0 36131 0 0 0
cpu58 22208080 18011284 6014968 496943200 137244 0 35504 0 0 0
cpu59 22628996 17746384 5978421 496809909 140099 0 34364 0 0 0
cpu60 21411450 16698226 5780835 499281642 132502 0 40494 0 0 0
cpu61 21999002 16740456 5734111 498702364 128488 0 34651 0 0 0
cpu62 21755409 16783703 5828444 498760419 136024 0 47643 0 0 0
cpu63 21578130 15780447 5649237 500189906 116860 0 35999 0 0 0
cpu64 21747588 15661964 5639799 500141614 116759 0 36598 0 0 0
cpu65 21587989 15479129 5659278 500475517 109644 0 35963 0 0 0
cpu66 21535683 15289488 5674183 500686683 109869 0 43270 0 0 0
cpu67 21516133 14731322 5575118 501388129 108771 0 34331 0 0 0
cpu68 21671326 15234932 5560142 500753125 102847 0 33761 0 0 0
cpu69 21488831 15198397 5567648 500937325 110533 0 37332 0 0 0
cpu70 21195848 14683171 5565759 501767586 96871 0 40011 0 0 0
cpu71 21142047 14397380 5555636 502099166 119676 0 38186 0 0 0
cpu72 21700250 14255089 5555181 501700740 105912 0 33139 0 0 0
cpu73 21582138 14584536 5507737 501552036 103510 0 34128 0 0 0
cpu74 21350661 14262952 5521255 502071127 119925 0 33716 0 0 0
cpu75 21559338 14242988 5533265 501862511 122301 0 33061 0 0 0
cpu76 22838019 14955989 5670163 499716705 122414 0 40758 0 0 0
cpu77 22784010 15076570 5661674 499676399 108674 0 34007 0 0 0
cpu78 22421299 15381851 5685484 499686539 128397 0 39183 0 0 0
cpu79 22773639 15612454 5617143 499190449 121261 0 35784 0 0 0
cpu80 22350847 15530891 5703378 499598061 102148 0 40485 0 0 0
cpu81 22642730 15633175 5618922 499297827 118847 0 34341 0 0 0
cpu82 22841293 16549911 5673546 498115886 109493 0 34251 0 0 0
cpu83 31452138 16038220 6243941 489436238 118918 0 34362 0 0 0
cpu84 35 0 1689 543993313 0 0 0 0 0 0
cpu85 0 0 0 543993448 0 0 0 0 0 0
cpu86 0 0 0 543991396 0 0 0 0 0 0
cpu87 0 0 0 543992574 0 0 0 0 0 0
cpu88 0 0 0 543991300 0 0 0 0 0 0
cpu89 0 0 0 543992373 0 0 0 0 0 0
cpu90 0 0 0 543990145 0 0 0 0 0 0
cpu91 0 0 0 543989266 0 0 0 0 0 0
cpu92 4452 0 18 543982665 0 0 0 0 0 0
cpu93 0 0 0 543986315 0 0 0 0 0 0
cpu94 0 0 0 543984239 0 0 0 0 0 0
cpu95 0 0 0 543982906 0 0 0 0 0 0
cpu96 0 0 0 543982572 0 0 0 0 0 0
cpu97 0 0 0 543977491 0 0 0 0 0 0
cpu98 0 0 0 543983611 0 0 0 0 0 0
cpu99 0 0 0 543982017 0 0 0 0 0 0
cpu100 1021092 0 553 542957307 0 0 0 0 0 0
cpu101 0 0 0 543982642 0 0 0 0 0 0
cpu102 0 0 0 543981241 0 0 0 0 0 0
cpu103 0 0 0 543979548 0 0 0 0 0 0
cpu104 0 0 0 543975143 0 0 0 0 0 0
cpu105 0 0 0 543979026 0 0 0 0 0 0
cpu106 0 0 0 543975350 0 0 0 0 0 0
cpu107 0 0 0 543973777 0 0 0 0 0 0
cpu108 0 0 0 543977247 0 0 0 0 0 0
cpu109 0 0 0 543972358 0 0 0 0 0 0
cpu110 0 0 0 543968641 0 0 0 0 0 0
cpu111 77049 0 76972 543804602 2728 0 1 0 0 0
intr 190803590642 115 0 0 0 0 0 0 0 0 10881905 0 0 0 0 0 0 0 0 0 0 0 0 0 0 0 0 0 0 0 0 0 0 0 0 0 0 0 0 231 0 0 1 0 1 0 1 0 1 0 0 0 0 0 0 0 0 0 0 0 1 0 0 0 0 0 0 0 0 0 0 0 0 0 0 7968780 0 0 0 0 0 0 0 24213360 30881337 79453408 634677455 39117601 26673536 78819634 27932496 24322042 26439996 20839367 24493916 19737035 21218172 132936881 83805136 58593275 55761534 79177311 27562070 27026677 50105877 27791809 26944593 39788755 207016712 28352348 37653342 0 0 0 0 0 0 0 0 0 0 0 0 0 0 0 0 0 0 0 0 0 0 0 0 0 0 0 0 1075166 1072973 1068270 1073313 1075031 1075474 1074436 1072847 1360030 622875 562946 619047 570531 555512 639367 493980 499935 598274 712339 475062 506832 673049 430647 521260 646558 630548 567546 621439 772801 663275 730936 569725 589377 688414 636373 841706 0 0 0 0 0 0 0 0 0 0 0 0 0 0 0 0 2 0 0 0 0 0 0 0 0 0 0 13204 2449045 4267123 4089571 3719630 4194373 3775796 3915635 4102293 3833402 3969403 3898606 3875320 3945113 3873371 3828554 3780691 3847706 4100032 3589226 4004151 3435275 3261499 3659261 3772866 3040320 3711222 3806880 3420538 2442081 3100837 3003079 2523395 2777064 2446525 2513868 2775433 2526926 2446359 2558563 2302020 2355108 2455123 2413997 2329124 2671757 2426369 2432357 2466830 2476733 2509663 2372492 2527384 2549861 2544572 2285174 2276038 0 0 0 0 0 0 0 0 0 0 0 0 0 0 0 0 0 0 0 0 0 0 0 0 0 0 0 0 0 0 0 0 0 0 0 0 0 0 0 0 0 0 0 0 0 0 0 0 0 0 0 0 0 0 0 0 0 0 0 0 0 0 0 0 0 0 0 29001 0 0 0 0 0 0 0 0 0 0 0 0 0 0 0 0 0 0 0 0 0 0 0 0 0 0 0 0 0 0 0 0 0 0 0 0 0 0 0 0 0 0 0 0 0 0 0 0 0 0 0 0 0 0 0 0 0 0 0 0 0 0 0 0 13135 9 0 0 0 0 0 0 0 0 20025 0 0 0 0 0 0 0 0 0 0 0 0 0 0 0 0 0 19839 0 0 0 0 0 0 0 0 7 0 11 0 0 0 259439 0 5 0 0 0 0 0 0 0 0 0 0 0 0 0 0 0 0 0 0 0 0 0 0 0 0 0 0 0 0 0 0 0 0 0 0 0 0 0 0 0 0 0 0 0 0 0 0 0 0 0 0 0 0 0 0 0 0 0 0 0 0 0 0 0 0 0 0 0 0 0 0 0 0 0 0 0 0 0 0 0 0 0 0 0 0 0 0 0 0 0 0 0 0 0 0 0 0 0 0 0 0 0 0 0 0 0 0 0 0 0 0 0 0 0 0 0 0 0 0 0 0 0 0 0 0 0 0 0 0 0 0 0 0 0 0 0 0 0 0 0 0 0 0 0 0 0 0 0 0 0 0 0 0 0 0 0 0 0 0 0 0 0 0 0 0 0 0 0 0 0 0 0 0 0 0 0 0 0 0 0 0 0 0 0 0 0 0 0 0 0 0 0 0 0 0 0 0 0 0 0 0 0 0 0 0 0 0 0 0 0 0 0 0 0 0 0 0 0 0 0 0 0 0 0 0 0 0 0 0 0 0 0 0 0 0 0 0 0 0 0 0 0 0 0 0 0 0 0 0 0 0 0 0 0 0 0 0 0 0 0 0 0 0 0 0 0 0 0 0 0 0 0 0 0 0 0 0 0 0 0 0 0 0 0 0 0 0 0 0 0 0 0 0 0 0 0 0 0 0 0 0 0 0 0 0 0 0 0 0 0 0 0 0 0 0 0 0 0 0 0 0 0 0 0 0 0 0 0 0 0 0 0 0 0 0 0 0 0 0 0 0 0 0 0 0 0 0 0 0 0 0 0 0 0 0 0 0 0 0 0 0 0 0 0 0 0 0 0 0 0 0 0 0 0 0 0 0 0 0 0 0 0 0 0 0 0 0 0 0 0 0 0 0 0 0 0 0 0 0 0 0 0 0 0 0 0 0 0 0 0 0 0 0 0 0 0 0 0 0 0 0 0 0 0 0 0 0 0 0 0 0 0 0 0 0 0 0 0 0 0 0 0 0 0 0 0 0 0 0 0 0 0 0 0 0 0 0 0 0 0 0 0 0 0 0 0 0 0 0 0 0 0 0 0 0 0 0 0 0 0 0 0 0 0 0 0 0 0 0 0 0 0 0 0 0 0 0 0 0 0 0 0 0 0 0 0 0 0 0 0 0 0 0 0 0 0 0 0 0 0 0 0 0 0 0 0 0 0 0 0 0 0 0 0 0 0 0 0 0 0 0 0 0 0 0 0 0 0 0 0 0 0 0 0 0 0 0 0 0 0 0 0 0 0 0 0 0 0 0 0 0 0 0 0 0 0 0 0 0 0 0 0 0 0 0 0 0 0 0 0 0 0 0 0 0 0 0 0 0 0 0 0 0 0 0 0 0 0 0 0 0 0 0 0 0 0 0 0 0 0 0 0 0 0 0 0 0 0 0 0 0 0 0 0 0 0 0 0 0 0 0 0 0 0 0 0 0 0 0 0 0 0 0 0 0 0 0 0 0 0 0 0 0 0 0 0 0 0 0 0 0 0 0 0 0 0 0 0 0 0 0 0 0 0 0 0 0 0 0 0 0 0 0 0 0 0 0 0 0 0 0 0 0 0 0 0 0 0 0 0 0 0 0 0 0 0 0 0 0 0 0 0 0 0 0 0 0 0 0 0 0 0 0 0 0 0 0 0 0 0 0 0 0 0 0 0 0 0 0 0 0 0 0 0 0 0 0 0 0 0 0 0 0 0 0 0 0 0 0 0 0 0 0 0 0 0 0 0 0 0 0 0 0 0 0 0 0 0 0 0 0 0 0 0 0 0 0 0 0 0 0 0 0 0 0 0 0 0 0 0 0 0 0 0 0 0 0 0 0 0 0 0 0 0 0 0 0 0 0 0 0 0 0 0 0 0 0 0 0 0 0 0 0 0 0 0 0 0 0 0 0 0 0 0 0 0 0 0 0 0 0 0 0 0 0 0 0 0 0 0 0 0 0 0 0 0 0 0 0 0 0 0 0 0 0
ctxt 173816372326
btime 1783966742
processes 637728143
procs_running 6
procs_blocked 0
softirq 29199192901 8 1201560386 26315286 2009185285 0 0 220275522 1565750596 9829488 2691439850
