cpu  2942228958 900074187 430312682 56614043507 11688823 0 2285670 0 0 0
cpu0 20757479 8361156 6263297 503245818 425049 0 43810 0 0 0
cpu1 16294698 13620230 6464348 506358403 440756 0 36376 0 0 0
cpu2 23401503 14887284 5841051 498873675 441789 0 45964 0 0 0
cpu3 18278133 15575060 5801717 503415452 441560 0 33864 0 0 0
cpu4 38197868 16017153 5723226 483138097 459844 0 39979 0 0 0
cpu5 20386995 17193579 5747029 499758252 446213 0 34419 0 0 0
cpu6 19724184 18040849 5860522 499420226 433498 0 48154 0 0 0
cpu7 19545623 17481047 5771380 500265037 460004 0 34250 0 0 0
cpu8 19232033 17503301 5620396 500690674 467573 0 34519 0 0 0
cpu9 19557056 17729749 5646750 500124582 449338 0 35416 0 0 0
cpu10 20022228 17648338 5606819 499767392 468142 0 34337 0 0 0
cpu11 19643287 17994796 5529634 499877300 460389 0 35957 0 0 0
cpu12 19800738 18110561 5544305 499896511 151405 0 34952 0 0 0
cpu13 19660780 17609948 5521326 500541281 161926 0 35349 0 0 0
cpu14 19504388 17666092 5782496 500181843 82906 0 189301 0 0 0
cpu15 20098167 16942635 5684385 500666977 94949 0 39937 0 0 0
cpu16 19436242 17317286 6253709 500243078 116209 0 73965 0 0 0
cpu17 19579029 16719269 5831218 501246993 109218 0 35444 0 0 0
cpu18 19995134 16728093 5761295 500891619 110366 0 35428 0 0 0
cpu19 19596260 16583013 5642492 501534432 125673 0 35148 0 0 0
cpu20 23107317 16056342 5614978 498593938 120108 0 35507 0 0 0
cpu21 19995177 16115118 5553848 501686108 124519 0 36741 0 0 0
cpu22 20411927 15961252 5501710 501460855 137498 0 38245 0 0 0
cpu23 21950193 15921840 5518785 499953211 136775 0 38543 0 0 0
cpu24 19613668 15650423 5646246 502397952 128344 0 48543 0 0 0
cpu25 19403277 15540174 5587621 502818905 139835 0 35202 0 0 0
cpu26 19404556 15664717 5530084 502704998 163422 0 35159 0 0 0
cpu27 24234379 16347515 5924192 496812103 141745 0 35101 0 0 0
cpu28 105762016 0 4863881 433512964 24316 0 3014 0 0 0
cpu29 62880375 0 4403971 476846821 39300 0 578 0 0 0
cpu30 69003536 0 4447328 470696815 25411 0 483 0 0 0
cpu31 70098976 0 4816130 469226945 28603 0 547 0 0 0
cpu32 48079504 0 3435935 492626964 28381 0 556 0 0 0
cpu33 85211103 0 4780670 454143308 37208 0 511 0 0 0
cpu34 68344499 0 4766414 471031947 27863 0 527 0 0 0
cpu35 37214829 0 2861975 504057132 38645 0 506 0 0 0
cpu36 49948654 0 2963051 491146363 35153 0 497 0 0 0
cpu37 54398223 0 3468065 486193264 33058 0 466 0 0 0
cpu38 70850001 0 4424864 468786271 29529 0 499 0 0 0
cpu39 42828819 0 2504944 498721287 34534 0 503 0 0 0
cpu40 41154886 0 2521905 500389796 23149 0 516 0 0 0
cpu41 69288718 0 4435281 470336008 27306 0 568 0 0 0
cpu42 37345885 0 2187062 504534001 26460 0 477 0 0 0
cpu43 53807735 0 3232025 487018072 34039 0 556 0 0 0
cpu44 54213012 0 3490091 486350828 33653 0 536 0 0 0
cpu45 64238980 0 4061570 475758180 33149 0 486 0 0 0
cpu46 50971366 0 3297661 489788506 32890 0 479 0 0 0
cpu47 56426749 0 3605008 484020623 36813 0 534 0 0 0
cpu48 90557772 0 6024435 447465445 36427 0 574 0 0 0
cpu49 74017608 0 4827076 465207952 36128 0 552 0 0 0
cpu50 66663681 0 3980062 473413825 28251 0 573 0 0 0
cpu51 52184214 0 3159757 488709344 30640 0 484 0 0 0
cpu52 60393412 0 3816265 479838958 38935 0 532 0 0 0
cpu53 74031129 0 4648440 465375027 29446 0 629 0 0 0
cpu54 50480748 0 3066311 490499782 35156 0 462 0 0 0
cpu55 73559037 0 4729225 465752332 40943 0 452 0 0 0
cpu56 23624311 19493408 5674593 494485058 156317 0 37408 0 0 0
cpu57 22898005 18967807 7159822 494287669 137296 0 36131 0 0 0
cpu58 22208565 18011483 6015149 497057912 137244 0 35505 0 0 0
cpu59 22631455 17751512 5979840 496916377 140100 0 34364 0 0 0
cpu60 21411507 16698418 5780936 499396913 132502 0 40494 0 0 0
cpu61 21999480 16741233 5734305 498816515 128488 0 34651 0 0 0
cpu62 21757439 16790442 5829605 498865951 136024 0 47645 0 0 0
cpu63 21580228 15781385 5651148 500300452 116860 0 36000 0 0 0
cpu64 21750229 15662146 5641279 500252739 116763 0 36611 0 0 0
cpu65 21589412 15482324 5660173 500585504 109644 0 35970 0 0 0
cpu66 21538105 15291115 5675276 500797002 109869 0 43278 0 0 0
cpu67 21516984 14736198 5575723 501497302 108771 0 34333 0 0 0
cpu68 21673543 15239703 5561264 500860513 102847 0 33763 0 0 0
cpu69 21491851 15200684 5570428 501044775 110533 0 37332 0 0 0
cpu70 21197119 14684085 5567477 501879192 96871 0 40014 0 0 0
cpu71 21144354 14404539 5556985 502203847 119676 0 38187 0 0 0
cpu72 21703271 14257000 5556651 501809836 105916 0 33142 0 0 0
cpu73 21584857 14587712 5508928 501660418 103510 0 34129 0 0 0
cpu74 21353347 14264260 5522966 502180875 119925 0 33717 0 0 0
cpu75 21563001 14244894 5534008 501971664 122301 0 33062 0 0 0
cpu76 22840075 14956587 5671762 499827936 122414 0 40760 0 0 0
cpu77 22787005 15079701 5662218 499785185 108674 0 34010 0 0 0
cpu78 22423561 15385070 5687427 499794600 128397 0 39184 0 0 0
cpu79 22775739 15614127 5618097 499301176 121261 0 35787 0 0 0
cpu80 22352914 15533082 5704122 499708466 102149 0 40488 0 0 0
cpu81 22644581 15635025 5619638 499408901 118847 0 34341 0 0 0
cpu82 22843608 16552800 5674397 498225296 109493 0 34251 0 0 0
cpu83 31453956 16040601 6244925 489546517 118918 0 34363 0 0 0
cpu84 35 0 1689 544108951 0 0 0 0 0 0
cpu85 0 0 0 544109086 0 0 0 0 0 0
cpu86 0 0 0 544107035 0 0 0 0 0 0
cpu87 0 0 0 544108213 0 0 0 0 0 0
cpu88 0 0 0 544106938 0 0 0 0 0 0
cpu89 0 0 0 544108011 0 0 0 0 0 0
cpu90 0 0 0 544105783 0 0 0 0 0 0
cpu91 0 0 0 544104904 0 0 0 0 0 0
cpu92 4452 0 18 544098304 0 0 0 0 0 0
cpu93 0 0 0 544101954 0 0 0 0 0 0
cpu94 0 0 0 544099878 0 0 0 0 0 0
cpu95 0 0 0 544098544 0 0 0 0 0 0
cpu96 0 0 0 544098211 0 0 0 0 0 0
cpu97 0 0 0 544093129 0 0 0 0 0 0
cpu98 0 0 0 544099249 0 0 0 0 0 0
cpu99 0 0 0 544097656 0 0 0 0 0 0
cpu100 1021092 0 553 543072946 0 0 0 0 0 0
cpu101 0 0 0 544098281 0 0 0 0 0 0
cpu102 0 0 0 544096879 0 0 0 0 0 0
cpu103 0 0 0 544095186 0 0 0 0 0 0
cpu104 0 0 0 544090781 0 0 0 0 0 0
cpu105 0 0 0 544094664 0 0 0 0 0 0
cpu106 0 0 0 544090989 0 0 0 0 0 0
cpu107 0 0 0 544089416 0 0 0 0 0 0
cpu108 0 0 0 544092885 0 0 0 0 0 0
cpu109 0 0 0 544087996 0 0 0 0 0 0
cpu110 0 0 0 544084279 0 0 0 0 0 0
cpu111 77049 0 76972 543920240 2728 0 1 0 0 0
intr 190836327274 115 0 0 0 0 0 0 0 0 10884217 0 0 0 0 0 0 0 0 0 0 0 0 0 0 0 0 0 0 0 0 0 0 0 0 0 0 0 0 231 0 0 1 0 1 0 1 0 1 0 0 0 0 0 0 0 0 0 0 0 1 0 0 0 0 0 0 0 0 0 0 0 0 0 0 7970475 0 0 0 0 0 0 0 24225881 30884186 79458992 634678605 39154037 26686477 78821746 27933286 24336152 26449600 20850938 24497109 19738980 21220134 132945109 83807483 58600184 55762669 79182617 27564670 27034069 50110991 27794162 26946213 39793347 207020070 28354112 37656467 0 0 0 0 0 0 0 0 0 0 0 0 0 0 0 0 0 0 0 0 0 0 0 0 0 0 0 0 1075175 1072985 1068282 1073321 1075037 1075486 1074447 1072854 1360030 622875 562946 619047 570531 555512 639367 493980 499935 598274 712339 475062 506832 673049 430647 521260 646558 630548 567546 621439 772801 663275 730946 569725 589377 688414 636380 841706 0 0 0 0 0 0 0 0 0 0 0 0 0 0 0 0 2 0 0 0 0 0 0 0 0 0 0 13204 2449109 4267129 4089571 3719793 4194447 3775796 3915753 4102332 3833572 3969511 3898941 3875406 3945556 3873447 3828652 3780763 3847929 4100726 3589328 4004275 3435356 3261502 3659366 3772894 3040447 3711333 3806923 3423696 2442081 3100930 3003079 2523609 2777191 2446559 2514186 2775772 2527620 2446708 2558837 2302282 2355360 2455414 2414200 2329251 2673544 2426678 2432426 2467011 2477052 2509853 2372762 2527610 2549980 2544759 2285225 2276132 0 0 0 0 0 0 0 0 0 0 0 0 0 0 0 0 0 0 0 0 0 0 0 0 0 0 0 0 0 0 0 0 0 0 0 0 0 0 0 0 0 0 0 0 0 0 0 0 0 0 0 0 0 0 0 0 0 0 0 0 0 0 0 0 0 0 0 29001 0 0 0 0 0 0 0 0 0 0 0 0 0 0 0 0 0 0 0 0 0 0 0 0 0 0 0 0 0 0 0 0 0 0 0 0 0 0 0 0 0 0 0 0 0 0 0 0 0 0 0 0 0 0 0 0 0 0 0 0 0 0 0 0 13135 9 0 0 0 0 0 0 0 0 20025 0 0 0 0 0 0 0 0 0 0 0 0 0 0 0 0 0 19839 0 0 0 0 0 0 0 0 7 0 11 0 0 0 259439 0 5 0 0 0 0 0 0 0 0 0 0 0 0 0 0 0 0 0 0 0 0 0 0 0 0 0 0 0 0 0 0 0 0 0 0 0 0 0 0 0 0 0 0 0 0 0 0 0 0 0 0 0 0 0 0 0 0 0 0 0 0 0 0 0 0 0 0 0 0 0 0 0 0 0 0 0 0 0 0 0 0 0 0 0 0 0 0 0 0 0 0 0 0 0 0 0 0 0 0 0 0 0 0 0 0 0 0 0 0 0 0 0 0 0 0 0 0 0 0 0 0 0 0 0 0 0 0 0 0 0 0 0 0 0 0 0 0 0 0 0 0 0 0 0 0 0 0 0 0 0 0 0 0 0 0 0 0 0 0 0 0 0 0 0 0 0 0 0 0 0 0 0 0 0 0 0 0 0 0 0 0 0 0 0 0 0 0 0 0 0 0 0 0 0 0 0 0 0 0 0 0 0 0 0 0 0 0 0 0 0 0 0 0 0 0 0 0 0 0 0 0 0 0 0 0 0 0 0 0 0 0 0 0 0 0 0 0 0 0 0 0 0 0 0 0 0 0 0 0 0 0 0 0 0 0 0 0 0 0 0 0 0 0 0 0 0 0 0 0 0 0 0 0 0 0 0 0 0 0 0 0 0 0 0 0 0 0 0 0 0 0 0 0 0 0 0 0 0 0 0 0 0 0 0 0 0 0 0 0 0 0 0 0 0 0 0 0 0 0 0 0 0 0 0 0 0 0 0 0 0 0 0 0 0 0 0 0 0 0 0 0 0 0 0 0 0 0 0 0 0 0 0 0 0 0 0 0 0 0 0 0 0 0 0 0 0 0 0 0 0 0 0 0 0 0 0 0 0 0 0 0 0 0 0 0 0 0 0 0 0 0 0 0 0 0 0 0 0 0 0 0 0 0 0 0 0 0 0 0 0 0 0 0 0 0 0 0 0 0 0 0 0 0 0 0 0 0 0 0 0 0 0 0 0 0 0 0 0 0 0 0 0 0 0 0 0 0 0 0 0 0 0 0 0 0 0 0 0 0 0 0 0 0 0 0 0 0 0 0 0 0 0 0 0 0 0 0 0 0 0 0 0 0 0 0 0 0 0 0 0 0 0 0 0 0 0 0 0 0 0 0 0 0 0 0 0 0 0 0 0 0 0 0 0 0 0 0 0 0 0 0 0 0 0 0 0 0 0 0 0 0 0 0 0 0 0 0 0 0 0 0 0 0 0 0 0 0 0 0 0 0 0 0 0 0 0 0 0 0 0 0 0 0 0 0 0 0 0 0 0 0 0 0 0 0 0 0 0 0 0 0 0 0 0 0 0 0 0 0 0 0 0 0 0 0 0 0 0 0 0 0 0 0 0 0 0 0 0 0 0 0 0 0 0 0 0 0 0 0 0 0 0 0 0 0 0 0 0 0 0 0 0 0 0 0 0 0 0 0 0 0 0 0 0 0 0 0 0 0 0 0 0 0 0 0 0 0 0 0 0 0 0 0 0 0 0 0 0 0 0 0 0 0 0 0 0 0 0 0 0 0 0 0 0 0 0 0 0 0 0 0 0 0 0 0 0 0 0 0 0 0 0 0 0 0 0 0 0 0 0 0 0 0 0 0 0 0 0 0 0 0 0 0 0 0 0 0 0 0 0 0 0 0 0 0 0 0 0 0 0 0 0 0 0 0 0 0 0 0 0 0 0 0 0 0 0 0 0 0 0 0 0 0 0 0 0 0 0 0 0 0 0 0 0 0 0 0 0 0 0 0 0 0 0 0 0 0 0 0 0 0 0 0 0 0 0 0 0 0 0 0 0 0 0 0 0 0 0 0 0 0 0 0 0 0 0 0 0 0 0 0 0 0 0 0 0 0 0 0 0 0 0 0 0 0 0 0 0 0 0 0 0 0 0 0 0 0 0 0 0 0 0 0 0 0 0 0 0 0 0 0 0 0 0 0 0 0 0 0 0 0 0 0 0 0 0 0 0 0 0 0 0 0 0 0
ctxt 173858145424
btime 1783966742
processes 637739762
procs_running 8
procs_blocked 0
softirq 29203899260 8 1201961984 26315614 2009464882 0 0 220288740 1568095851 9829488 2693106213
