cpu  96814459 2840766 5832679 86997842034 99376 0 170430 0 0 0
cpu0 9623761 522830 2509635 1075428388 21533 0 16684 0 0 0
cpu1 9241202 476666 1195498 1077006789 18272 0 72832 0 0 0
cpu2 19366791 612416 895453 1067336141 19676 0 21856 0 0 0
cpu3 25741054 884502 916353 1060697293 22431 0 21355 0 0 0
cpu4 16179712 344352 285827 1071301708 17449 0 37703 0 0 0
cpu5 1478750 0 655 1087357595 0 0 0 0 0 0
cpu6 803775 0 525 1088032713 0 0 0 0 0 0
cpu7 30968 0 10 1088806050 0 0 0 0 0 0
cpu8 379070 0 2688 1088455216 7 0 0 0 0 0
cpu9 1 0 1 1088837034 0 0 0 0 0 0
cpu10 1055307 0 149 1087781549 0 0 0 0 0 0
cpu11 0 0 1 1088837041 0 0 0 0 0 0
cpu12 0 0 1 1088837022 0 0 0 0 0 0
cpu13 0 0 0 1088837027 0 0 0 0 0 0
cpu14 0 0 0 1088837024 0 0 0 0 0 0
cpu15 0 0 1 1088837041 0 0 0 0 0 0
cpu16 0 0 13 1088836675 0 0 0 0 0 0
cpu17 0 0 0 1088837007 0 0 0 0 0 0
cpu18 0 0 0 1088836892 0 0 0 0 0 0
cpu19 0 0 0 1088837018 0 0 0 0 0 0
cpu20 5890862 0 4973 1082941203 4 0 0 0 0 0
cpu21 0 0 1 1088837025 0 0 0 0 0 0
cpu22 0 0 0 1088837024 0 0 0 0 0 0
cpu23 0 0 0 1088837030 0 0 0 0 0 0
cpu24 0 0 0 1088835584 0 0 0 0 0 0
cpu25 0 0 0 1088837039 0 0 0 0 0 0
cpu26 0 0 0 1088836945 0 0 0 0 0 0
cpu27 0 0 0 1088836995 0 0 0 0 0 0
cpu28 0 0 0 1088837026 0 0 0 0 0 0
cpu29 0 0 0 1088837027 0 0 0 0 0 0
cpu30 166264 0 83 1088670671 0 0 0 0 0 0
cpu31 0 0 0 1088837003 0 0 0 0 0 0
cpu32 97143 0 109 1088739487 0 0 0 0 0 0
cpu33 0 0 0 1088837019 0 0 0 0 0 0
cpu34 0 0 1 1088836922 0 0 0 0 0 0
cpu35 0 0 1 1088837013 0 0 0 0 0 0
cpu36 0 0 1 1088835493 0 0 0 0 0 0
cpu37 0 0 1 1088837008 0 0 0 0 0 0
cpu38 0 0 0 1088836925 0 0 0 0 0 0
cpu39 0 0 0 1088837021 0 0 0 0 0 0
cpu40 1902089 0 3996 1086930923 0 0 0 0 0 0
cpu41 0 0 0 1088837010 0 0 0 0 0 0
cpu42 1101075 0 1173 1087734776 0 0 0 0 0 0
cpu43 0 0 0 1088837059 0 0 0 0 0 0
cpu44 0 0 0 1088837040 0 0 0 0 0 0
cpu45 0 0 1 1088837035 0 0 0 0 0 0
cpu46 0 0 0 1088837035 0 0 0 0 0 0
cpu47 1421869 0 14864 1087400235 0 0 0 0 0 0
cpu48 0 0 11 1088836955 0 0 0 0 0 0
cpu49 0 0 0 1088837026 0 0 0 0 0 0
cpu50 19 0 0 1088836981 0 0 0 0 0 0
cpu51 0 0 0 1088836998 0 0 0 0 0 0
cpu52 0 0 0 1088837029 0 0 0 0 0 0
cpu53 0 0 0 1088836999 0 0 0 0 0 0
cpu54 0 0 0 1088837016 0 0 0 0 0 0
cpu55 0 0 1 1088837017 0 0 0 0 0 0
cpu56 0 0 0 1088836916 0 0 0 0 0 0
cpu57 0 0 1 1088837010 0 0 0 0 0 0
cpu58 0 0 1 1088836915 0 0 0 0 0 0
cpu59 0 0 0 1088836994 0 0 0 0 0 0
cpu60 2322946 0 646 1086513416 0 0 0 0 0 0
cpu61 283 0 0 1088836723 0 0 0 0 0 0
cpu62 0 0 0 1088837001 0 0 0 0 0 0
cpu63 0 0 0 1088837014 0 0 0 0 0 0
cpu64 0 0 0 1088836804 0 0 0 0 0 0
cpu65 0 0 0 1088836998 0 0 0 0 0 0
cpu66 0 0 0 1088836940 0 0 0 0 0 0
cpu67 0 0 0 1088836976 0 0 0 0 0 0
cpu68 0 0 0 1088836994 0 0 0 0 0 0
cpu69 0 0 0 1088836999 0 0 0 0 0 0
cpu70 11513 0 1 1088825481 0 0 0 0 0 0
cpu71 0 0 0 1088836989 0 0 0 0 0 0
cpu72 0 0 0 1088835311 0 0 0 0 0 0
cpu73 0 0 0 1088836987 0 0 0 0 0 0
cpu74 0 0 0 1088835069 0 0 0 0 0 0
cpu75 0 0 0 1088836963 0 0 0 0 0 0
cpu76 0 0 0 1088832987 0 0 0 0 0 0
cpu77 0 0 0 1088836915 0 0 0 0 0 0
cpu78 0 0 0 1088836837 0 0 0 0 0 0
cpu79 5 0 4 1088836936 0 0 0 0 0 0
intr 2058912898 0 10235121 646141322 0 0 0 9848959 0 0 0 0 0 1194829524 0 0 0 0 0 0 0 0 0 0 0 0 0 0 0 0 0 0 414 0 1 0 0 1110 0 0 0 0 0 0 0 0 0 0 0 0 0 0 868 808 0 0 749 707 0 0 0 0 0 0 0 0 0 0 0 0 0 0 0 0 0 0 0 0 0 0 0 0 0 0 0 0 0 0 0 0 0 0 0 0 0 0 0 0 0 0 0 0 36 0 0 0 0 0 0 0 14876 0 0 1 0 0 0 59058229 28210973 10231349 24104787 9716392 39297906 10920458 8617604 6323 0 0 0 0 0 0 0 0 0 0 1494439 1754578 1579482 1595508 1249571 2 4 0 3 0 139 0 0 0 0 0 0 0 0 0 348 0 0 0 0 0 0 0 0 0 0 0 0 0 0 0 0 0 0 0 0 0 0 0 0 0 0 302 0 0 0 0 0 0 0 0 0 0 0 0 0 0 0 0 0 0 0 0 0 0 0 0 0 0 0 0 0 0 0 0
ctxt 3008250557
btime 1778536932
processes 3177116
procs_running 2
procs_blocked 0
softirq 1204470976 9 252486550 2658398 194287721 6328 0 3784280 417863464 125465 333258761
