cpu  138372865 12602507 4601674 19708601495 839412 753950 723566 0 0 0
cpu0 41063401 1507730 1141404 369628482 118588 174836 133690 0 0 0
cpu1 28803960 2353167 316464 381920034 100768 111134 165965 0 0 0
cpu2 15929328 2203708 933642 394246859 162977 118026 154372 0 0 0
cpu3 1892714 314141 177617 411489851 836 9013 3769 0 0 0
cpu4 17449436 171478 32776 396201520 8351 35604 573 0 0 0
cpu5 531977 47761 6799 413308966 617 3035 993 0 0 0
cpu6 826018 0 4633 413070326 604 2004 38 0 0 0
cpu7 413307 0 986 413487628 612 1186 31 0 0 0
cpu8 1833976 0 1214 412063785 763 3943 43 0 0 0
cpu9 27772 0 438 413874456 614 445 21 0 0 0
cpu10 951621 0 84 412949412 514 2049 33 0 0 0
cpu11 27752 0 444 413874445 633 452 21 0 0 0
cpu12 1812929 0 26010 412059779 41 4871 94 0 0 0
cpu13 27776 0 441 413875046 3 444 21 0 0 0
cpu14 0 0 0 413903400 0 305 6 0 0 0
cpu15 27784 0 427 413875032 4 454 20 0 0 0
cpu16 0 0 10 413903360 0 311 7 0 0 0
cpu17 27760 0 439 413875070 4 445 21 0 0 0
cpu18 0 0 0 413903390 0 308 6 0 0 0
cpu19 27770 0 2143 413873256 4 454 23 0 0 0
cpu20 1351989 0 5333 412542854 28 3466 50 0 0 0
cpu21 27747 0 440 413875082 4 449 21 0 0 0
cpu22 0 0 0 413903406 0 308 6 0 0 0
cpu23 30774 0 1467 413871000 3 462 26 0 0 0
cpu24 4261525 2144345 795267 406198805 158967 90124 99194 0 0 0
cpu25 11884369 1984408 256674 399406612 103084 82182 60018 0 0 0
cpu26 8612517 1875764 891358 401983551 181380 99278 104137 0 0 0
cpu27 0 0 0 413903269 0 385 8 0 0 0
cpu28 34217 0 445 413868549 0 474 18 0 0 0
cpu29 164851 0 711 413737332 0 777 23 0 0 0
cpu30 54505 0 565 413847870 1 614 119 0 0 0
cpu31 34126 0 537 413868665 0 459 17 0 0 0
cpu32 138467 0 1280 413763340 0 649 23 0 0 0
cpu33 34096 0 571 413868620 0 434 18 0 0 0
cpu34 34217 0 467 413868596 0 427 18 0 0 0
cpu35 34112 0 552 413868629 0 433 17 0 0 0
cpu36 23 0 0 413903392 0 301 7 0 0 0
cpu37 0 0 0 413903443 0 290 7 0 0 0
cpu38 0 0 0 413903411 0 311 7 0 0 0
cpu39 0 0 0 413903452 0 298 7 0 0 0
cpu40 0 0 0 413903421 0 306 7 0 0 0
cpu41 0 0 0 413903456 0 295 7 0 0 0
cpu42 0 0 0 413903430 0 321 7 0 0 0
cpu43 0 0 0 413903451 0 295 7 0 0 0
cpu44 0 0 0 413903431 0 316 7 0 0 0
cpu45 0 0 0 413903460 0 317 7 0 0 0
cpu46 0 0 0 413903433 0 323 7 0 0 0
cpu47 32 0 19 413903413 0 314 7 0 0 0
intr 2989064836 49 0 0 0 0 0 0 0 0 0 285 0 0 0 0 0 0 0 64 16107955 0 0 0 0 0 0 0 0 0 0 0 0 0 0 0 0 0 0 0 0 0 0 0 0 1083400 9890 285 266 322 279 0 0 0 0 0 0 1138779 0 0 0 0 0 0 0 0 0 0 0 1326320 1766962 17289 256 2341 266 184 0 0 0 0 0 2183259 2405495 0 0 49 0 0 0 0 0 0 0 0 2021050 2021050 2021050 2021050 2021050 2021050 2021050 2021050 2021050 2021050 2021050 2021050 2021050 2021050 2021050 2021050 2021050 2021050 2021050 2021050 2021050 2021050 2021050 2021050 2021050 2021050 2021050 2021050 2021050 2021050 2021050 2021050 2021050 2021050 2021050 2021050 2021050 2021050 2021050 2021050 2021050 2021050 2021050 2021050 2021050 2021050 2021050 2021050 0 0 2021050 2021050 2021050 2021050 2021050 2021050 2021050 2021050 2021050 2021050 2021050 2021050 2021050 2021050 2021050 2021050 2021050 2021050 2021050 2021050 2021050 2021050 2021050 2021050 2021050 2021050 2021050 2021050 2021050 2021050 2021050 2021050 2021050 2021050 2021050 2021050 2021050 2021050 2021050 2021050 2021050 2021050 2021050 2021050 2021050 2021050 2021050 2021050 0 29355883 14217286 16833046 8711442 10927543 1 1 1 1 1 1 1 1 1 1 1 1 1 1 1 0 0 0 0 0 0 0 0 0 0 0 0 0 0 0 0 0 0 0 0 0 0 0 0 0 0 0 0 0 0 0 0 0 0 0 0 0 0 0 0 0 0 0 0 0 0 0 0 0 0 0 0 0 0 0 0 0 0 0 0 0 0 0 0 0 0 0 0 0 0 0 0 0 0 0 0 0 0 0 0 0 0 0 0 0 0 0 0 0 0 0 0 0 0 0 0 0 0 0 0 0 0 0 0 0 0 0 0 0 0 0 0 0 0 0 0 0 0 0 0 0 0 0 0 0 0 0 0 0 0 0 0 0 0 0 0 0 0 0 0 0 0 0 0 0 0 0 0 0 0 0 0 0 0 0 0 0 0 0 0 0 0 0 0 0 0 0 0 0 0 0 0 0 0 0 0 0 0 0 0 0 0 0 0 0 0 0 0 0 0 0 0 0 0 0 0 0 0 0 0 0 0 0 0 0 0 0 0 0 0 0 0 0 0 0 0 0 0 0 0 0 0 0 0 0 0 0 0 0 0 0 0 0 0 0 0 0 0 0 0 0 0 0 0 0 0 0 0 0 0 0 0 0 0 0 0 0 0 0 0 0 0 0 0 0 0 0 0 0 0 0 0 0 0 0 0 0 0 0 0 0 0 0 0 0 0 0 0 0 0 0 0 0 0 0 0 0 0 0 0 0 0 0 0 0 0 0 0 0 0 0 0 0 0 0 0 0 0 0 0 0 0 0 0 0 0 0 0 0 0 0 0 0 0 0 0 0 0 0 0 0 0 0 0 0 0 0 0 0 0 0 0 0 0 0 0 0 0 0 0 0 0 0 0 0 0 0 0 0 0 0 0 0 0 0 0 0 0 0 0 0 0 0 0 0 0 0 0 0 0 0 0 0 0 0 0 0 0 0 0 0 0 0 0 0 0 0 0 0 0 0 0 0 0 0 0 0 0 0 0 0 0 0 0 0 0 0 0 0 0 0 0 0 0 0 0 0 0 0 0 0 0 0 0 0 0 0 0 0 0 0 0 0 0 0 0 0 0 0 0 0 0 0 0 0 0 0 0 0 0 0 0 0 0 0 0 0 0 0 0 0 0 0 0 0 0 0 0 0 0 0 0 0 0 0 0 0 0 0 0 0 0 0 0 0 0 0 0 0 0 0 0 0 0 0 0 0 0 0 0 0 0 0 0 0 0 0 0 0 0 0 0 0 0 0 0 0 0 0 0 0 0 0 0 0 0 0 0 0 0 0 0 0 0 0 0 0 0 0 0 0 0 0 0 0 0 0 0 0 0 0 0 0 0 0 0 0 0 0 0 0 0 0 0 0 0 0 0 0 0 0 0 0 0 0 0 0 0 0 0 0 0 0 0 0 0 0 0 0 0 0 0 0 0 0 0 0 0 0 0 0 0 0 0 0 0 0 0 0 0 0 0 0 0 0 0 0 0 0 0 0 0 0 0 0 0 0 0 0 0 0 0 0 0 0 0 0 0 0 0 0 0 0 0 0 0 0 0 0 0 0 0 0 0 0 0 0 0 0 0 0 0 0 0 0 0 0 0 0 0 0 0 0 0 0 0 0 0 0 0 0 0 0 0 0 0 0 0 0 0 0 0 0 0 0 0 0 0 0 0 0 0 0 0 0 0 0 0 0 0 0 0 0 0 0 0 0 0 0 0 0 0 0 0 0 0 0 0 0 0 0 0 0 0 0 0 0 0 0 0 0 0 0 0 0 0 0 0 0 0 0 0 0 0 0 0 0 0 0 0 0 0 0 0 0 0 0 0 0 0 0 0 0 0 0 0 0 0 0 0 0 0 0 0 0 0 0 0 0 0 0 0 0 0 0 0 0 0 0 0 0 0 0 0 0 0 0 0 0 0 0 0 0 0 0 0 0 0 0 0 0 0 0 0 0 0 0 0 0 0 0 0 0 0 0 0 0 0 0 0 0 0 0 0 0 0 0 0 0 0 0 0 0 0 0 0 0 0 0 0 0 0 0 0 0 0 0 0 0 0 0 0 0 0 0 0 0 0 0 0 0 0 0 0 0 0 0 0 0 0 0 0 0 0 0 0 0 0 0 0 0 0 0 0 0 0 0 0 0 0 0 0 0 0 0 0 0 0 0 0 0 0 0 0 0 0 0 0 0 0 0 0 0 0 0 0 0 0 0 0 0 0 0 0 0 0 0 0 0 0 0 0 0 0 0 0 0 0 0 0 0 0 0 0 0 0 0 0 0 0 0 0 0 0 0 0 0 0 0 0 0 0 0 0 0 0 0 0 0 0 0 0 0 0 0 0 0 0 0 0 0 0 0 0 0 0 0 0 0 0 0 0 0 0 0 0 0 0 0 0 0 0 0 0 0 0 0 0 0 0 0 0 0 0 0 0 0 0 0 0 0 0 0 0 0 0 0 0 0 0 0 0 0 0 0 0 0 0 0 0 0 0 0 0 0 0 0 0 0 0 0 0 0 0 0 0 0 0 0 0 0 0 0 0 0 0 0 0 0 0 0 0 0 0 0 0 0 0 0 0 0 0 0 0 0 0 0 0 0 0 0 0 0 0 0 0 0 0 0 0 0 0 0 0 0 0 0 0 0 0 0 0 0 0 0 0 0 0 0 0 0 0 0 0 0 0 0 0 0 0 0 0 0 0 0 0 0 0 0 0 0 0 0 0 0 0 0 0 0 0 0 0 0 0 0 0 0 0 0 0 0 0 0 0 0 0 0 0 0 0 0 0 0 0 0 0 0 0 0 0 0 0 0 0 0 0 0 0 0 0 0 0 0 0 0 0 0 0 0 0 0 0 0 0 0 0 0 0 0 0 0 0 0 0 0 0 0 0 0 0 0 0 0 0 0 0 0 0 0 0 0 0 0 0 0 0 0 0 0 0 0 0 0 0 0 0 0 0 0 0 0 0 0 0 0 0 0 0 0 0 0 0 0 0 0 0 0 0 0 0 0 0 0 0 0 0 0 0 0 0 0 0 0 0 0 0 0 0 0 0 0 0 0 0 0 0 0 0 0 0 0 0 0 0 0 0 0 0 0 0 0 0 0 0 0 0 0 0 0 0 0 0 0 0 0 0 0 0 0 0 0 0 0 0 0 0 0 0 0 0 0 0 0 0 0 0 0 0 0 0 0 0 0 0 0 0 0 0 0 0 0 0 0 0 0 0 0 0 0 0 0 0
ctxt 2261065411
btime 1785276302
processes 1789021
procs_running 3
procs_blocked 0
softirq 1730525543 16107893 287279846 428524 110168742 9884591 0 6772516 655760859 58534 644064038
