cpu  138378761 12602517 4602044 19708661179 839413 753983 723585 0 0 0
cpu0 41064764 1507730 1141410 369628482 118588 174842 133691 0 0 0
cpu1 28805209 2353167 316577 381920041 100768 111140 165966 0 0 0
cpu2 15930692 2203708 933648 394246859 162977 118031 154373 0 0 0
cpu3 1892714 314145 177621 411491218 836 9013 3769 0 0 0
cpu4 17449436 171484 32776 396202891 8351 35604 573 0 0 0
cpu5 531977 47761 6799 413310342 617 3035 993 0 0 0
cpu6 826018 0 4633 413071701 604 2004 38 0 0 0
cpu7 413307 0 986 413489004 612 1186 31 0 0 0
cpu8 1833976 0 1214 412065161 763 3943 43 0 0 0
cpu9 27772 0 438 413875831 614 445 21 0 0 0
cpu10 951621 0 84 412950788 514 2049 33 0 0 0
cpu11 27752 0 444 413875820 633 452 21 0 0 0
cpu12 1812929 0 26010 412061155 41 4871 94 0 0 0
cpu13 27776 0 441 413876422 3 444 21 0 0 0
cpu14 0 0 0 413904775 0 305 6 0 0 0
cpu15 27784 0 427 413876408 4 454 20 0 0 0
cpu16 0 0 10 413904735 0 311 7 0 0 0
cpu17 27760 0 439 413876445 4 445 21 0 0 0
cpu18 0 0 0 413904766 0 308 6 0 0 0
cpu19 27770 0 2143 413874632 4 454 23 0 0 0
cpu20 1351989 0 5333 412544230 28 3466 50 0 0 0
cpu21 27747 0 440 413876457 4 449 21 0 0 0
cpu22 0 0 0 413904781 0 308 6 0 0 0
cpu23 30774 0 1467 413872376 3 462 26 0 0 0
cpu24 4262151 2144346 795342 406199464 158967 90129 99200 0 0 0
cpu25 11885265 1984408 256746 399407008 103084 82188 60020 0 0 0
cpu26 8612916 1875765 891452 401984413 181380 99283 104144 0 0 0
cpu27 0 0 0 413904645 0 385 8 0 0 0
cpu28 34217 0 445 413869924 0 474 18 0 0 0
cpu29 164851 0 711 413738708 0 777 23 0 0 0
cpu30 54505 0 565 413849246 1 614 119 0 0 0
cpu31 34126 0 537 413870040 0 459 17 0 0 0
cpu32 138467 0 1280 413764716 0 649 23 0 0 0
cpu33 34096 0 571 413869995 0 434 18 0 0 0
cpu34 34217 0 467 413869972 0 427 18 0 0 0
cpu35 34112 0 552 413870005 0 433 17 0 0 0
cpu36 23 0 0 413904767 0 301 7 0 0 0
cpu37 0 0 0 413904819 0 290 7 0 0 0
cpu38 0 0 0 413904787 0 311 7 0 0 0
cpu39 0 0 0 413904827 0 298 7 0 0 0
cpu40 0 0 0 413904797 0 306 7 0 0 0
cpu41 0 0 0 413904832 0 295 7 0 0 0
cpu42 0 0 0 413904806 0 321 7 0 0 0
cpu43 0 0 0 413904827 0 295 7 0 0 0
cpu44 0 0 0 413904806 0 316 7 0 0 0
cpu45 0 0 0 413904836 0 317 7 0 0 0
cpu46 0 0 0 413904808 0 323 7 0 0 0
cpu47 32 0 19 413904788 0 314 7 0 0 0
intr 2989145532 49 0 0 0 0 0 0 0 0 0 285 0 0 0 0 0 0 0 64 16108009 0 0 0 0 0 0 0 0 0 0 0 0 0 0 0 0 0 0 0 0 0 0 0 0 1083415 9890 285 266 322 279 0 0 0 0 0 0 1138786 0 0 0 0 0 0 0 0 0 0 0 1326320 1766962 17289 256 2341 266 184 0 0 0 0 0 2183307 2405515 0 0 49 0 0 0 0 0 0 0 0 2021057 2021057 2021057 2021057 2021057 2021057 2021057 2021057 2021057 2021057 2021057 2021057 2021057 2021057 2021057 2021057 2021057 2021057 2021057 2021057 2021057 2021057 2021057 2021057 2021057 2021057 2021057 2021057 2021057 2021057 2021057 2021057 2021057 2021057 2021057 2021057 2021057 2021057 2021057 2021057 2021057 2021057 2021057 2021057 2021057 2021057 2021057 2021057 0 0 2021057 2021057 2021057 2021057 2021057 2021057 2021057 2021057 2021057 2021057 2021057 2021057 2021057 2021057 2021057 2021057 2021057 2021057 2021057 2021057 2021057 2021057 2021057 2021057 2021057 2021057 2021057 2021057 2021057 2021057 2021057 2021057 2021057 2021057 2021057 2021057 2021057 2021057 2021057 2021057 2021057 2021057 2021057 2021057 2021057 2021057 2021057 2021057 0 29356600 14217680 16833073 8711642 10927611 1 1 1 1 1 1 1 1 1 1 1 1 1 1 1 0 0 0 0 0 0 0 0 0 0 0 0 0 0 0 0 0 0 0 0 0 0 0 0 0 0 0 0 0 0 0 0 0 0 0 0 0 0 0 0 0 0 0 0 0 0 0 0 0 0 0 0 0 0 0 0 0 0 0 0 0 0 0 0 0 0 0 0 0 0 0 0 0 0 0 0 0 0 0 0 0 0 0 0 0 0 0 0 0 0 0 0 0 0 0 0 0 0 0 0 0 0 0 0 0 0 0 0 0 0 0 0 0 0 0 0 0 0 0 0 0 0 0 0 0 0 0 0 0 0 0 0 0 0 0 0 0 0 0 0 0 0 0 0 0 0 0 0 0 0 0 0 0 0 0 0 0 0 0 0 0 0 0 0 0 0 0 0 0 0 0 0 0 0 0 0 0 0 0 0 0 0 0 0 0 0 0 0 0 0 0 0 0 0 0 0 0 0 0 0 0 0 0 0 0 0 0 0 0 0 0 0 0 0 0 0 0 0 0 0 0 0 0 0 0 0 0 0 0 0 0 0 0 0 0 0 0 0 0 0 0 0 0 0 0 0 0 0 0 0 0 0 0 0 0 0 0 0 0 0 0 0 0 0 0 0 0 0 0 0 0 0 0 0 0 0 0 0 0 0 0 0 0 0 0 0 0 0 0 0 0 0 0 0 0 0 0 0 0 0 0 0 0 0 0 0 0 0 0 0 0 0 0 0 0 0 0 0 0 0 0 0 0 0 0 0 0 0 0 0 0 0 0 0 0 0 0 0 0 0 0 0 0 0 0 0 0 0 0 0 0 0 0 0 0 0 0 0 0 0 0 0 0 0 0 0 0 0 0 0 0 0 0 0 0 0 0 0 0 0 0 0 0 0 0 0 0 0 0 0 0 0 0 0 0 0 0 0 0 0 0 0 0 0 0 0 0 0 0 0 0 0 0 0 0 0 0 0 0 0 0 0 0 0 0 0 0 0 0 0 0 0 0 0 0 0 0 0 0 0 0 0 0 0 0 0 0 0 0 0 0 0 0 0 0 0 0 0 0 0 0 0 0 0 0 0 0 0 0 0 0 0 0 0 0 0 0 0 0 0 0 0 0 0 0 0 0 0 0 0 0 0 0 0 0 0 0 0 0 0 0 0 0 0 0 0 0 0 0 0 0 0 0 0 0 0 0 0 0 0 0 0 0 0 0 0 0 0 0 0 0 0 0 0 0 0 0 0 0 0 0 0 0 0 0 0 0 0 0 0 0 0 0 0 0 0 0 0 0 0 0 0 0 0 0 0 0 0 0 0 0 0 0 0 0 0 0 0 0 0 0 0 0 0 0 0 0 0 0 0 0 0 0 0 0 0 0 0 0 0 0 0 0 0 0 0 0 0 0 0 0 0 0 0 0 0 0 0 0 0 0 0 0 0 0 0 0 0 0 0 0 0 0 0 0 0 0 0 0 0 0 0 0 0 0 0 0 0 0 0 0 0 0 0 0 0 0 0 0 0 0 0 0 0 0 0 0 0 0 0 0 0 0 0 0 0 0 0 0 0 0 0 0 0 0 0 0 0 0 0 0 0 0 0 0 0 0 0 0 0 0 0 0 0 0 0 0 0 0 0 0 0 0 0 0 0 0 0 0 0 0 0 0 0 0 0 0 0 0 0 0 0 0 0 0 0 0 0 0 0 0 0 0 0 0 0 0 0 0 0 0 0 0 0 0 0 0 0 0 0 0 0 0 0 0 0 0 0 0 0 0 0 0 0 0 0 0 0 0 0 0 0 0 0 0 0 0 0 0 0 0 0 0 0 0 0 0 0 0 0 0 0 0 0 0 0 0 0 0 0 0 0 0 0 0 0 0 0 0 0 0 0 0 0 0 0 0 0 0 0 0 0 0 0 0 0 0 0 0 0 0 0 0 0 0 0 0 0 0 0 0 0 0 0 0 0 0 0 0 0 0 0 0 0 0 0 0 0 0 0 0 0 0 0 0 0 0 0 0 0 0 0 0 0 0 0 0 0 0 0 0 0 0 0 0 0 0 0 0 0 0 0 0 0 0 0 0 0 0 0 0 0 0 0 0 0 0 0 0 0 0 0 0 0 0 0 0 0 0 0 0 0 0 0 0 0 0 0 0 0 0 0 0 0 0 0 0 0 0 0 0 0 0 0 0 0 0 0 0 0 0 0 0 0 0 0 0 0 0 0 0 0 0 0 0 0 0 0 0 0 0 0 0 0 0 0 0 0 0 0 0 0 0 0 0 0 0 0 0 0 0 0 0 0 0 0 0 0 0 0 0 0 0 0 0 0 0 0 0 0 0 0 0 0 0 0 0 0 0 0 0 0 0 0 0 0 0 0 0 0 0 0 0 0 0 0 0 0 0 0 0 0 0 0 0 0 0 0 0 0 0 0 0 0 0 0 0 0 0 0 0 0 0 0 0 0 0 0 0 0 0 0 0 0 0 0 0 0 0 0 0 0 0 0 0 0 0 0 0 0 0 0 0 0 0 0 0 0 0 0 0 0 0 0 0 0 0 0 0 0 0 0 0 0 0 0 0 0 0 0 0 0 0 0 0 0 0 0 0 0 0 0 0 0 0 0 0 0 0 0 0 0 0 0 0 0 0 0 0 0 0 0 0 0 0 0 0 0 0 0 0 0 0 0 0 0 0 0 0 0 0 0 0 0 0 0 0 0 0 0 0 0 0 0 0 0 0 0 0 0 0 0 0 0 0 0 0 0 0 0 0 0 0 0 0 0 0 0 0 0 0 0 0 0 0 0 0 0 0 0 0 0 0 0 0 0 0 0 0 0 0 0 0 0 0 0 0 0 0 0 0 0 0 0 0 0 0 0 0 0 0 0 0 0 0 0 0 0 0 0 0 0 0 0 0 0 0 0 0 0 0 0 0 0 0 0 0 0 0 0 0 0 0 0 0 0 0 0 0 0 0 0 0 0 0 0 0 0 0 0 0 0 0 0 0 0 0 0 0 0 0 0 0 0 0 0 0 0 0 0 0 0 0 0 0 0 0 0 0 0 0 0 0 0 0 0 0 0 0 0 0 0 0 0 0 0 0 0 0 0 0 0 0 0 0 0 0 0 0 0 0 0 0 0 0 0 0 0 0 0 0 0 0 0 0 0 0 0 0 0 0 0 0 0 0 0 0 0 0 0 0 0 0 0 0 0 0 0 0 0 0 0
ctxt 2261107131
btime 1785276302
processes 1789243
procs_running 7
procs_blocked 0
softirq 1730575348 16107947 287284128 428524 110171114 9884679 0 6772520 655769134 58534 644098768
