cpu  2941730916 899925150 430267687 56603643800 11688784 0 2285589 0 0 0
cpu0 20659079 8361156 6262588 503245818 425049 0 43810 0 0 0
cpu1 16291794 13612642 6463749 506272099 440756 0 36374 0 0 0
cpu2 23305532 14887284 5837915 498873675 441789 0 45962 0 0 0
cpu3 18275995 15569618 5801001 503325002 441559 0 33864 0 0 0
cpu4 38099104 16017153 5723217 483137764 459844 0 39977 0 0 0
cpu5 20302367 17193237 5746973 499744202 446212 0 34419 0 0 0
cpu6 19708111 18032993 5860100 499345583 433498 0 48152 0 0 0
cpu7 19542826 17479937 5770895 500170475 460004 0 34249 0 0 0
cpu8 19229385 17501808 5619434 500596758 467573 0 34518 0 0 0
cpu9 19554775 17725815 5646152 500032440 449338 0 35416 0 0 0
cpu10 20019823 17641817 5606553 499677569 468141 0 34337 0 0 0
cpu11 19640396 17990955 5529079 499785607 460389 0 35957 0 0 0
cpu12 19797766 18103033 5543631 499808666 151405 0 34951 0 0 0
cpu13 19658729 17608000 5520459 500447123 161926 0 35349 0 0 0
cpu14 19501500 17665362 5781731 500087235 82906 0 189300 0 0 0
cpu15 20095868 16934728 5683619 500578940 94948 0 39937 0 0 0
cpu16 19432328 17315992 6253167 500149811 116209 0 73963 0 0 0
cpu17 19577559 16713851 5830478 501155625 109217 0 35444 0 0 0
cpu18 19993513 16726688 5760905 500796032 110366 0 35428 0 0 0
cpu19 19594748 16579994 5641466 501440966 125673 0 35146 0 0 0
cpu20 23105791 16054270 5614358 498499183 120108 0 35505 0 0 0
cpu21 19993771 16112331 5553511 501591663 124519 0 36740 0 0 0
cpu22 20410539 15955773 5500981 501369445 137498 0 38243 0 0 0
cpu23 21948004 15920395 5518301 499858324 136775 0 38543 0 0 0
cpu24 19611904 15648464 5645237 502303698 128344 0 48542 0 0 0
cpu25 19401310 15538781 5587361 502723515 139835 0 35201 0 0 0
cpu26 19401904 15663056 5529644 502610777 163422 0 35159 0 0 0
cpu27 24230447 16346994 5923806 496718051 141720 0 35098 0 0 0
cpu28 105762016 0 4863881 433413857 24316 0 3014 0 0 0
cpu29 62880375 0 4403971 476747712 39300 0 578 0 0 0
cpu30 69003536 0 4447328 470597707 25411 0 483 0 0 0
cpu31 70098976 0 4816130 469127836 28603 0 547 0 0 0
cpu32 48079504 0 3435935 492527856 28381 0 556 0 0 0
cpu33 85211103 0 4780670 454044200 37208 0 511 0 0 0
cpu34 68344499 0 4766414 470932839 27863 0 527 0 0 0
cpu35 37214829 0 2861975 503958024 38645 0 506 0 0 0
cpu36 49948654 0 2963051 491047255 35153 0 497 0 0 0
cpu37 54398223 0 3468065 486094156 33058 0 466 0 0 0
cpu38 70850001 0 4424864 468687163 29529 0 499 0 0 0
cpu39 42828819 0 2504944 498622179 34534 0 503 0 0 0
cpu40 41154886 0 2521905 500290688 23149 0 516 0 0 0
cpu41 69288718 0 4435281 470236900 27306 0 568 0 0 0
cpu42 37345885 0 2187062 504434893 26460 0 477 0 0 0
cpu43 53807735 0 3232025 486918964 34039 0 556 0 0 0
cpu44 54213012 0 3490091 486251720 33653 0 536 0 0 0
cpu45 64238980 0 4061570 475659072 33149 0 486 0 0 0
cpu46 50971366 0 3297661 489689398 32890 0 479 0 0 0
cpu47 56426749 0 3605008 483921515 36813 0 534 0 0 0
cpu48 90557772 0 6024435 447366337 36427 0 574 0 0 0
cpu49 74017608 0 4827076 465108844 36128 0 552 0 0 0
cpu50 66663284 0 3980019 473315157 28251 0 573 0 0 0
cpu51 52184214 0 3159757 488610236 30640 0 484 0 0 0
cpu52 60393412 0 3816265 479739850 38935 0 532 0 0 0
cpu53 74031129 0 4648440 465275919 29446 0 629 0 0 0
cpu54 50480533 0 3066279 490400922 35156 0 462 0 0 0
cpu55 73559037 0 4729225 465653224 40943 0 452 0 0 0
cpu56 23623112 19493316 5674400 494387557 156317 0 37407 0 0 0
cpu57 22895817 18959200 7158629 494200703 137296 0 36131 0 0 0
cpu58 22208140 18011303 6014996 496959616 137244 0 35504 0 0 0
cpu59 22629211 17746613 5978653 496825749 140099 0 34364 0 0 0
cpu60 21411459 16698260 5780858 499298104 132502 0 40494 0 0 0
cpu61 21999059 16740508 5734143 498718751 128488 0 34651 0 0 0
cpu62 21755509 16783966 5828692 498776326 136024 0 47643 0 0 0
cpu63 21578202 15780475 5649421 500206148 116860 0 35999 0 0 0
cpu64 21747695 15662027 5639880 500157876 116759 0 36599 0 0 0
cpu65 21588032 15479213 5659634 500491555 109644 0 35963 0 0 0
cpu66 21536209 15289544 5674489 500702312 109869 0 43270 0 0 0
cpu67 21516236 14731658 5575182 501404141 108771 0 34331 0 0 0
cpu68 21671519 15235947 5560236 500768321 102847 0 33761 0 0 0
cpu69 21488943 15200085 5567776 500951917 110533 0 37332 0 0 0
cpu70 21196119 14683869 5566073 501782820 96871 0 40011 0 0 0
cpu71 21142104 14399106 5555755 502113787 119676 0 38186 0 0 0
cpu72 21700569 14256608 5555302 501715291 105912 0 33139 0 0 0
cpu73 21582225 14584803 5507795 501568140 103510 0 34128 0 0 0
cpu74 21351331 14263238 5521309 502086616 119925 0 33716 0 0 0
cpu75 21560511 14243272 5533333 501877504 122301 0 33061 0 0 0
cpu76 22838795 14956001 5670611 499731956 122414 0 40758 0 0 0
cpu77 22784119 15076597 5661724 499692733 108674 0 34008 0 0 0
cpu78 22421924 15382315 5685651 499701786 128397 0 39183 0 0 0
cpu79 22773843 15612688 5617733 499205932 121261 0 35784 0 0 0
cpu80 22351008 15530911 5703436 499614326 102148 0 40486 0 0 0
cpu81 22642941 15633184 5619040 499313987 118847 0 34341 0 0 0
cpu82 22841449 16550051 5673722 498131912 109493 0 34251 0 0 0
cpu83 31452445 16038240 6244296 489452051 118918 0 34362 0 0 0
cpu84 35 0 1689 544009843 0 0 0 0 0 0
cpu85 0 0 0 544009978 0 0 0 0 0 0
cpu86 0 0 0 544007927 0 0 0 0 0 0
cpu87 0 0 0 544009105 0 0 0 0 0 0
cpu88 0 0 0 544007830 0 0 0 0 0 0
cpu89 0 0 0 544008903 0 0 0 0 0 0
cpu90 0 0 0 544006675 0 0 0 0 0 0
cpu91 0 0 0 544005796 0 0 0 0 0 0
cpu92 4452 0 18 543999196 0 0 0 0 0 0
cpu93 0 0 0 544002846 0 0 0 0 0 0
cpu94 0 0 0 544000770 0 0 0 0 0 0
cpu95 0 0 0 543999436 0 0 0 0 0 0
cpu96 0 0 0 543999103 0 0 0 0 0 0
cpu97 0 0 0 543994021 0 0 0 0 0 0
cpu98 0 0 0 544000141 0 0 0 0 0 0
cpu99 0 0 0 543998548 0 0 0 0 0 0
cpu100 1021092 0 553 542973838 0 0 0 0 0 0
cpu101 0 0 0 543999172 0 0 0 0 0 0
cpu102 0 0 0 543997771 0 0 0 0 0 0
cpu103 0 0 0 543996078 0 0 0 0 0 0
cpu104 0 0 0 543991673 0 0 0 0 0 0
cpu105 0 0 0 543995556 0 0 0 0 0 0
cpu106 0 0 0 543991881 0 0 0 0 0 0
cpu107 0 0 0 543990308 0 0 0 0 0 0
cpu108 0 0 0 543993777 0 0 0 0 0 0
cpu109 0 0 0 543988888 0 0 0 0 0 0
cpu110 0 0 0 543985171 0 0 0 0 0 0
cpu111 77049 0 76972 543821132 2728 0 1 0 0 0
intr 190808250451 115 0 0 0 0 0 0 0 0 10882235 0 0 0 0 0 0 0 0 0 0 0 0 0 0 0 0 0 0 0 0 0 0 0 0 0 0 0 0 231 0 0 1 0 1 0 1 0 1 0 0 0 0 0 0 0 0 0 0 0 1 0 0 0 0 0 0 0 0 0 0 0 0 0 0 7969023 0 0 0 0 0 0 0 24215014 30881905 79454570 634677647 39122952 26678241 78819883 27932580 24323766 26441881 20840231 24494041 19737541 21218245 132938370 83806264 58593791 55761971 79177981 27562402 27027088 50106661 27792371 26945046 39789213 207017262 28352374 37655095 0 0 0 0 0 0 0 0 0 0 0 0 0 0 0 0 0 0 0 0 0 0 0 0 0 0 0 0 1075167 1072978 1068275 1073315 1075035 1075474 1074436 1072847 1360030 622875 562946 619047 570531 555512 639367 493980 499935 598274 712339 475062 506832 673049 430647 521260 646558 630548 567546 621439 772801 663275 730936 569725 589377 688414 636373 841706 0 0 0 0 0 0 0 0 0 0 0 0 0 0 0 0 2 0 0 0 0 0 0 0 0 0 0 13204 2449050 4267125 4089571 3719630 4194399 3775796 3915640 4102303 3833427 3969414 3898703 3875334 3945216 3873377 3828558 3780701 3847707 4100039 3589226 4004164 3435275 3261501 3659261 3772873 3040320 3711258 3806880 3420538 2442081 3100880 3003079 2523401 2777064 2446531 2513886 2775438 2526951 2446427 2558605 2302037 2355109 2455123 2414042 2329158 2671759 2426438 2432357 2466871 2476761 2509669 2372537 2527515 2549894 2544604 2285198 2276038 0 0 0 0 0 0 0 0 0 0 0 0 0 0 0 0 0 0 0 0 0 0 0 0 0 0 0 0 0 0 0 0 0 0 0 0 0 0 0 0 0 0 0 0 0 0 0 0 0 0 0 0 0 0 0 0 0 0 0 0 0 0 0 0 0 0 0 29001 0 0 0 0 0 0 0 0 0 0 0 0 0 0 0 0 0 0 0 0 0 0 0 0 0 0 0 0 0 0 0 0 0 0 0 0 0 0 0 0 0 0 0 0 0 0 0 0 0 0 0 0 0 0 0 0 0 0 0 0 0 0 0 0 13135 9 0 0 0 0 0 0 0 0 20025 0 0 0 0 0 0 0 0 0 0 0 0 0 0 0 0 0 19839 0 0 0 0 0 0 0 0 7 0 11 0 0 0 259439 0 5 0 0 0 0 0 0 0 0 0 0 0 0 0 0 0 0 0 0 0 0 0 0 0 0 0 0 0 0 0 0 0 0 0 0 0 0 0 0 0 0 0 0 0 0 0 0 0 0 0 0 0 0 0 0 0 0 0 0 0 0 0 0 0 0 0 0 0 0 0 0 0 0 0 0 0 0 0 0 0 0 0 0 0 0 0 0 0 0 0 0 0 0 0 0 0 0 0 0 0 0 0 0 0 0 0 0 0 0 0 0 0 0 0 0 0 0 0 0 0 0 0 0 0 0 0 0 0 0 0 0 0 0 0 0 0 0 0 0 0 0 0 0 0 0 0 0 0 0 0 0 0 0 0 0 0 0 0 0 0 0 0 0 0 0 0 0 0 0 0 0 0 0 0 0 0 0 0 0 0 0 0 0 0 0 0 0 0 0 0 0 0 0 0 0 0 0 0 0 0 0 0 0 0 0 0 0 0 0 0 0 0 0 0 0 0 0 0 0 0 0 0 0 0 0 0 0 0 0 0 0 0 0 0 0 0 0 0 0 0 0 0 0 0 0 0 0 0 0 0 0 0 0 0 0 0 0 0 0 0 0 0 0 0 0 0 0 0 0 0 0 0 0 0 0 0 0 0 0 0 0 0 0 0 0 0 0 0 0 0 0 0 0 0 0 0 0 0 0 0 0 0 0 0 0 0 0 0 0 0 0 0 0 0 0 0 0 0 0 0 0 0 0 0 0 0 0 0 0 0 0 0 0 0 0 0 0 0 0 0 0 0 0 0 0 0 0 0 0 0 0 0 0 0 0 0 0 0 0 0 0 0 0 0 0 0 0 0 0 0 0 0 0 0 0 0 0 0 0 0 0 0 0 0 0 0 0 0 0 0 0 0 0 0 0 0 0 0 0 0 0 0 0 0 0 0 0 0 0 0 0 0 0 0 0 0 0 0 0 0 0 0 0 0 0 0 0 0 0 0 0 0 0 0 0 0 0 0 0 0 0 0 0 0 0 0 0 0 0 0 0 0 0 0 0 0 0 0 0 0 0 0 0 0 0 0 0 0 0 0 0 0 0 0 0 0 0 0 0 0 0 0 0 0 0 0 0 0 0 0 0 0 0 0 0 0 0 0 0 0 0 0 0 0 0 0 0 0 0 0 0 0 0 0 0 0 0 0 0 0 0 0 0 0 0 0 0 0 0 0 0 0 0 0 0 0 0 0 0 0 0 0 0 0 0 0 0 0 0 0 0 0 0 0 0 0 0 0 0 0 0 0 0 0 0 0 0 0 0 0 0 0 0 0 0 0 0 0 0 0 0 0 0 0 0 0 0 0 0 0 0 0 0 0 0 0 0 0 0 0 0 0 0 0 0 0 0 0 0 0 0 0 0 0 0 0 0 0 0 0 0 0 0 0 0 0 0 0 0 0 0 0 0 0 0 0 0 0 0 0 0 0 0 0 0 0 0 0 0 0 0 0 0 0 0 0 0 0 0 0 0 0 0 0 0 0 0 0 0 0 0 0 0 0 0 0 0 0 0 0 0 0 0 0 0 0 0 0 0 0 0 0 0 0 0 0 0 0 0 0 0 0 0 0 0 0 0 0 0 0 0 0 0 0 0 0 0 0 0 0 0 0 0 0 0 0 0 0 0 0 0 0 0 0 0 0 0 0 0 0 0 0 0 0 0 0 0 0 0 0 0 0 0 0 0 0 0 0 0 0 0 0 0 0 0 0 0 0 0 0 0 0 0 0 0 0 0 0 0 0 0 0 0 0 0 0 0 0 0 0 0 0 0 0 0 0 0 0 0 0 0 0 0 0 0 0 0 0 0 0 0 0 0 0 0 0 0 0 0 0 0 0 0 0 0 0 0 0 0 0 0 0 0 0 0 0 0 0 0 0 0 0 0 0 0 0 0 0 0 0 0 0 0 0 0 0 0 0 0 0 0 0 0 0 0 0 0 0 0 0 0 0 0 0 0 0 0 0 0 0 0 0 0 0 0
ctxt 173822643979
btime 1783966742
processes 637729706
procs_running 7
procs_blocked 0
softirq 29199873444 8 1201620147 26315314 2009229455 0 0 220276870 1566084790 9829488 2691680892
