cpu  138495098 12604519 4606505 19710288145 839506 754582 724078 0 0 0
cpu0 41100978 1507730 1141515 369628482 118588 175005 133698 0 0 0
cpu1 28839629 2353170 316957 381921580 100774 111257 165982 0 0 0
cpu2 15966947 2203708 933731 394246859 162977 118159 154396 0 0 0
cpu3 1892714 315686 178553 411525175 836 9026 3785 0 0 0
cpu4 17449436 171573 32785 396239279 8351 35605 573 0 0 0
cpu5 531977 47765 6799 413346825 617 3035 993 0 0 0
cpu6 826018 0 4633 413108189 604 2004 38 0 0 0
cpu7 413307 0 986 413525492 612 1186 31 0 0 0
cpu8 1833976 0 1214 412101649 763 3943 43 0 0 0
cpu9 27772 0 438 413912320 614 445 21 0 0 0
cpu10 951621 0 84 412987276 514 2049 33 0 0 0
cpu11 27752 0 444 413912309 633 452 21 0 0 0
cpu12 1812929 0 26010 412097643 41 4871 94 0 0 0
cpu13 27776 0 441 413912910 3 444 21 0 0 0
cpu14 0 0 0 413941264 0 305 6 0 0 0
cpu15 27784 0 427 413912896 4 454 20 0 0 0
cpu16 0 0 10 413941224 0 311 7 0 0 0
cpu17 27760 0 439 413912934 4 445 21 0 0 0
cpu18 0 0 0 413941254 0 308 6 0 0 0
cpu19 27770 0 2161 413911096 4 454 23 0 0 0
cpu20 1351989 0 5333 412580718 28 3466 50 0 0 0
cpu21 27747 0 440 413912946 4 449 21 0 0 0
cpu22 0 0 0 413941270 0 308 6 0 0 0
cpu23 30774 0 1467 413908864 3 462 26 0 0 0
cpu24 4263943 2144477 796202 406232718 158994 90176 99404 0 0 0
cpu25 11890678 1984534 257741 399436713 103109 82256 60069 0 0 0
cpu26 8615160 1875871 892530 402017026 181417 99343 104324 0 0 0
cpu27 0 0 0 413941133 0 385 8 0 0 0
cpu28 34217 0 445 413906412 0 474 18 0 0 0
cpu29 164851 0 711 413775196 0 777 23 0 0 0
cpu30 54505 0 565 413885734 1 614 119 0 0 0
cpu31 34126 0 537 413906529 0 459 17 0 0 0
cpu32 138467 0 1280 413801204 0 649 23 0 0 0
cpu33 34096 0 571 413906484 0 434 18 0 0 0
cpu34 34217 0 467 413906460 0 427 18 0 0 0
cpu35 34112 0 552 413906493 0 433 17 0 0 0
cpu36 23 0 0 413941256 0 301 7 0 0 0
cpu37 0 0 0 413941307 0 290 7 0 0 0
cpu38 0 0 0 413941275 0 311 7 0 0 0
cpu39 0 0 0 413941316 0 298 7 0 0 0
cpu40 0 0 0 413941285 0 306 7 0 0 0
cpu41 0 0 0 413941320 0 295 7 0 0 0
cpu42 0 0 0 413941294 0 321 7 0 0 0
cpu43 0 0 0 413941315 0 295 7 0 0 0
cpu44 0 0 0 413941295 0 316 7 0 0 0
cpu45 0 0 0 413941324 0 317 7 0 0 0
cpu46 0 0 0 413941297 0 323 7 0 0 0
cpu47 32 0 19 413941277 0 314 7 0 0 0
intr 2990927848 49 0 0 0 0 0 0 0 0 0 285 0 0 0 0 0 0 0 64 16109429 0 0 0 0 0 0 0 0 0 0 0 0 0 0 0 0 0 0 0 0 0 0 0 0 1083482 9890 285 266 322 279 0 0 0 0 0 0 1139236 0 0 0 0 0 0 0 0 0 0 0 1326320 1766962 17289 256 2341 266 184 0 0 0 0 0 2188427 2410128 0 0 49 0 0 0 0 0 0 0 0 2021235 2021235 2021235 2021235 2021235 2021235 2021235 2021235 2021235 2021235 2021235 2021235 2021235 2021235 2021235 2021235 2021235 2021235 2021235 2021235 2021235 2021235 2021235 2021235 2021235 2021235 2021235 2021235 2021235 2021235 2021235 2021235 2021235 2021235 2021235 2021235 2021235 2021235 2021235 2021235 2021235 2021235 2021235 2021235 2021235 2021235 2021235 2021235 0 0 2021235 2021235 2021235 2021235 2021235 2021235 2021235 2021235 2021235 2021235 2021235 2021235 2021235 2021235 2021235 2021235 2021235 2021235 2021235 2021235 2021235 2021235 2021235 2021235 2021235 2021235 2021235 2021235 2021235 2021235 2021235 2021235 2021235 2021235 2021235 2021235 2021235 2021235 2021235 2021235 2021235 2021235 2021235 2021235 2021235 2021235 2021235 2021235 0 29378606 14235074 16834062 8712186 10929624 1 1 1 1 1 1 1 1 1 1 1 1 1 1 1 0 0 0 0 0 0 0 0 0 0 0 0 0 0 0 0 0 0 0 0 0 0 0 0 0 0 0 0 0 0 0 0 0 0 0 0 0 0 0 0 0 0 0 0 0 0 0 0 0 0 0 0 0 0 0 0 0 0 0 0 0 0 0 0 0 0 0 0 0 0 0 0 0 0 0 0 0 0 0 0 0 0 0 0 0 0 0 0 0 0 0 0 0 0 0 0 0 0 0 0 0 0 0 0 0 0 0 0 0 0 0 0 0 0 0 0 0 0 0 0 0 0 0 0 0 0 0 0 0 0 0 0 0 0 0 0 0 0 0 0 0 0 0 0 0 0 0 0 0 0 0 0 0 0 0 0 0 0 0 0 0 0 0 0 0 0 0 0 0 0 0 0 0 0 0 0 0 0 0 0 0 0 0 0 0 0 0 0 0 0 0 0 0 0 0 0 0 0 0 0 0 0 0 0 0 0 0 0 0 0 0 0 0 0 0 0 0 0 0 0 0 0 0 0 0 0 0 0 0 0 0 0 0 0 0 0 0 0 0 0 0 0 0 0 0 0 0 0 0 0 0 0 0 0 0 0 0 0 0 0 0 0 0 0 0 0 0 0 0 0 0 0 0 0 0 0 0 0 0 0 0 0 0 0 0 0 0 0 0 0 0 0 0 0 0 0 0 0 0 0 0 0 0 0 0 0 0 0 0 0 0 0 0 0 0 0 0 0 0 0 0 0 0 0 0 0 0 0 0 0 0 0 0 0 0 0 0 0 0 0 0 0 0 0 0 0 0 0 0 0 0 0 0 0 0 0 0 0 0 0 0 0 0 0 0 0 0 0 0 0 0 0 0 0 0 0 0 0 0 0 0 0 0 0 0 0 0 0 0 0 0 0 0 0 0 0 0 0 0 0 0 0 0 0 0 0 0 0 0 0 0 0 0 0 0 0 0 0 0 0 0 0 0 0 0 0 0 0 0 0 0 0 0 0 0 0 0 0 0 0 0 0 0 0 0 0 0 0 0 0 0 0 0 0 0 0 0 0 0 0 0 0 0 0 0 0 0 0 0 0 0 0 0 0 0 0 0 0 0 0 0 0 0 0 0 0 0 0 0 0 0 0 0 0 0 0 0 0 0 0 0 0 0 0 0 0 0 0 0 0 0 0 0 0 0 0 0 0 0 0 0 0 0 0 0 0 0 0 0 0 0 0 0 0 0 0 0 0 0 0 0 0 0 0 0 0 0 0 0 0 0 0 0 0 0 0 0 0 0 0 0 0 0 0 0 0 0 0 0 0 0 0 0 0 0 0 0 0 0 0 0 0 0 0 0 0 0 0 0 0 0 0 0 0 0 0 0 0 0 0 0 0 0 0 0 0 0 0 0 0 0 0 0 0 0 0 0 0 0 0 0 0 0 0 0 0 0 0 0 0 0 0 0 0 0 0 0 0 0 0 0 0 0 0 0 0 0 0 0 0 0 0 0 0 0 0 0 0 0 0 0 0 0 0 0 0 0 0 0 0 0 0 0 0 0 0 0 0 0 0 0 0 0 0 0 0 0 0 0 0 0 0 0 0 0 0 0 0 0 0 0 0 0 0 0 0 0 0 0 0 0 0 0 0 0 0 0 0 0 0 0 0 0 0 0 0 0 0 0 0 0 0 0 0 0 0 0 0 0 0 0 0 0 0 0 0 0 0 0 0 0 0 0 0 0 0 0 0 0 0 0 0 0 0 0 0 0 0 0 0 0 0 0 0 0 0 0 0 0 0 0 0 0 0 0 0 0 0 0 0 0 0 0 0 0 0 0 0 0 0 0 0 0 0 0 0 0 0 0 0 0 0 0 0 0 0 0 0 0 0 0 0 0 0 0 0 0 0 0 0 0 0 0 0 0 0 0 0 0 0 0 0 0 0 0 0 0 0 0 0 0 0 0 0 0 0 0 0 0 0 0 0 0 0 0 0 0 0 0 0 0 0 0 0 0 0 0 0 0 0 0 0 0 0 0 0 0 0 0 0 0 0 0 0 0 0 0 0 0 0 0 0 0 0 0 0 0 0 0 0 0 0 0 0 0 0 0 0 0 0 0 0 0 0 0 0 0 0 0 0 0 0 0 0 0 0 0 0 0 0 0 0 0 0 0 0 0 0 0 0 0 0 0 0 0 0 0 0 0 0 0 0 0 0 0 0 0 0 0 0 0 0 0 0 0 0 0 0 0 0 0 0 0 0 0 0 0 0 0 0 0 0 0 0 0 0 0 0 0 0 0 0 0 0 0 0 0 0 0 0 0 0 0 0 0 0 0 0 0 0 0 0 0 0 0 0 0 0 0 0 0 0 0 0 0 0 0 0 0 0 0 0 0 0 0 0 0 0 0 0 0 0 0 0 0 0 0 0 0 0 0 0 0 0 0 0 0 0 0 0 0 0 0 0 0 0 0 0 0 0 0 0 0 0 0 0 0 0 0 0 0 0 0 0 0 0 0 0 0 0 0 0 0 0 0 0 0 0 0 0 0 0 0 0 0 0 0 0 0 0 0 0 0 0 0 0 0 0 0 0 0 0 0 0 0 0 0 0 0 0 0 0 0 0 0 0 0 0 0 0 0 0 0 0 0 0 0 0 0 0 0 0 0 0 0 0 0 0 0 0 0 0 0 0 0 0 0 0 0 0 0 0 0 0 0 0 0 0 0 0 0 0 0 0 0 0 0 0 0 0 0 0 0 0 0 0 0 0 0 0 0 0 0 0 0 0 0 0 0 0 0 0 0 0 0 0 0 0 0 0 0 0 0 0 0 0 0 0 0 0 0 0 0 0 0 0 0 0 0 0 0 0 0 0 0 0 0 0 0 0 0 0 0 0 0 0 0 0 0 0 0 0 0 0 0 0 0 0 0 0 0 0 0 0 0 0 0 0 0 0 0 0 0 0 0 0 0 0 0 0 0 0 0 0 0 0 0 0 0 0 0 0 0 0 0 0 0 0 0 0 0 0 0 0 0 0 0 0 0 0 0 0 0 0 0 0 0 0 0 0 0 0 0 0 0 0 0 0 0 0 0 0 0 0 0 0 0 0 0 0 0 0 0 0 0 0 0 0 0 0 0 0 0 0 0 0 0 0 0 0 0 0 0 0 0 0 0 0 0 0 0 0 0 0 0 0 0 0 0 0 0 0 0 0 0 0 0 0 0 0 0 0
ctxt 2262859117
btime 1785276302
processes 1791088
procs_running 3
procs_blocked 0
softirq 1731524115 16109367 287356860 428525 110249835 9894903 0 6774454 656004936 58600 644646635
