cpu  96816691 2840766 5832783 86997901919 99376 0 170431 0 0 0
cpu0 9623928 522830 2509640 1075428990 21533 0 16684 0 0 0
cpu1 9241579 476666 1195517 1077007164 18272 0 72832 0 0 0
cpu2 19367568 612416 895454 1067336141 19676 0 21856 0 0 0
cpu3 25741249 884502 916377 1060697858 22431 0 21356 0 0 0
cpu4 16180428 344352 285882 1071301717 17449 0 37703 0 0 0
cpu5 1478750 0 655 1087358373 0 0 0 0 0 0
cpu6 803775 0 525 1088033490 0 0 0 0 0 0
cpu7 30968 0 10 1088806828 0 0 0 0 0 0
cpu8 379070 0 2688 1088455993 7 0 0 0 0 0
cpu9 1 0 1 1088837811 0 0 0 0 0 0
cpu10 1055307 0 149 1087782327 0 0 0 0 0 0
cpu11 0 0 1 1088837818 0 0 0 0 0 0
cpu12 0 0 1 1088837800 0 0 0 0 0 0
cpu13 0 0 0 1088837805 0 0 0 0 0 0
cpu14 0 0 0 1088837802 0 0 0 0 0 0
cpu15 0 0 1 1088837819 0 0 0 0 0 0
cpu16 0 0 13 1088837453 0 0 0 0 0 0
cpu17 0 0 0 1088837785 0 0 0 0 0 0
cpu18 0 0 0 1088837670 0 0 0 0 0 0
cpu19 0 0 0 1088837796 0 0 0 0 0 0
cpu20 5890862 0 4973 1082941981 4 0 0 0 0 0
cpu21 0 0 1 1088837803 0 0 0 0 0 0
cpu22 0 0 0 1088837802 0 0 0 0 0 0
cpu23 0 0 0 1088837808 0 0 0 0 0 0
cpu24 0 0 0 1088836362 0 0 0 0 0 0
cpu25 0 0 0 1088837816 0 0 0 0 0 0
cpu26 0 0 0 1088837723 0 0 0 0 0 0
cpu27 0 0 0 1088837773 0 0 0 0 0 0
cpu28 0 0 0 1088837804 0 0 0 0 0 0
cpu29 0 0 0 1088837805 0 0 0 0 0 0
cpu30 166264 0 83 1088671448 0 0 0 0 0 0
cpu31 0 0 0 1088837780 0 0 0 0 0 0
cpu32 97143 0 109 1088740265 0 0 0 0 0 0
cpu33 0 0 0 1088837797 0 0 0 0 0 0
cpu34 0 0 1 1088837700 0 0 0 0 0 0
cpu35 0 0 1 1088837791 0 0 0 0 0 0
cpu36 0 0 1 1088836271 0 0 0 0 0 0
cpu37 0 0 1 1088837786 0 0 0 0 0 0
cpu38 0 0 0 1088837703 0 0 0 0 0 0
cpu39 0 0 0 1088837799 0 0 0 0 0 0
cpu40 1902089 0 3996 1086931701 0 0 0 0 0 0
cpu41 0 0 0 1088837788 0 0 0 0 0 0
cpu42 1101075 0 1173 1087735553 0 0 0 0 0 0
cpu43 0 0 0 1088837836 0 0 0 0 0 0
cpu44 0 0 0 1088837818 0 0 0 0 0 0
cpu45 0 0 1 1088837813 0 0 0 0 0 0
cpu46 0 0 0 1088837813 0 0 0 0 0 0
cpu47 1421869 0 14864 1087401013 0 0 0 0 0 0
cpu48 0 0 11 1088837732 0 0 0 0 0 0
cpu49 0 0 0 1088837803 0 0 0 0 0 0
cpu50 19 0 0 1088837759 0 0 0 0 0 0
cpu51 0 0 0 1088837776 0 0 0 0 0 0
cpu52 0 0 0 1088837806 0 0 0 0 0 0
cpu53 0 0 0 1088837777 0 0 0 0 0 0
cpu54 0 0 0 1088837794 0 0 0 0 0 0
cpu55 0 0 1 1088837795 0 0 0 0 0 0
cpu56 0 0 0 1088837694 0 0 0 0 0 0
cpu57 0 0 1 1088837788 0 0 0 0 0 0
cpu58 0 0 1 1088837693 0 0 0 0 0 0
cpu59 0 0 0 1088837772 0 0 0 0 0 0
cpu60 2322946 0 646 1086514194 0 0 0 0 0 0
cpu61 283 0 0 1088837501 0 0 0 0 0 0
cpu62 0 0 0 1088837779 0 0 0 0 0 0
cpu63 0 0 0 1088837791 0 0 0 0 0 0
cpu64 0 0 0 1088837582 0 0 0 0 0 0
cpu65 0 0 0 1088837776 0 0 0 0 0 0
cpu66 0 0 0 1088837718 0 0 0 0 0 0
cpu67 0 0 0 1088837754 0 0 0 0 0 0
cpu68 0 0 0 1088837772 0 0 0 0 0 0
cpu69 0 0 0 1088837777 0 0 0 0 0 0
cpu70 11513 0 1 1088826259 0 0 0 0 0 0
cpu71 0 0 0 1088837766 0 0 0 0 0 0
cpu72 0 0 0 1088836089 0 0 0 0 0 0
cpu73 0 0 0 1088837764 0 0 0 0 0 0
cpu74 0 0 0 1088835846 0 0 0 0 0 0
cpu75 0 0 0 1088837740 0 0 0 0 0 0
cpu76 0 0 0 1088833765 0 0 0 0 0 0
cpu77 0 0 0 1088837693 0 0 0 0 0 0
cpu78 0 0 0 1088837615 0 0 0 0 0 0
cpu79 5 0 4 1088837714 0 0 0 0 0 0
intr 2058927330 0 10235459 646146972 0 0 0 9848995 0 0 0 0 0 1194835750 0 0 0 0 0 0 0 0 0 0 0 0 0 0 0 0 0 0 414 0 1 0 0 1110 0 0 0 0 0 0 0 0 0 0 0 0 0 0 868 808 0 0 749 707 0 0 0 0 0 0 0 0 0 0 0 0 0 0 0 0 0 0 0 0 0 0 0 0 0 0 0 0 0 0 0 0 0 0 0 0 0 0 0 0 0 0 0 0 36 0 0 0 0 0 0 0 14876 0 0 1 0 0 0 59058298 28210976 10231352 24106125 9716399 39297967 10920463 8618261 6323 0 0 0 0 0 0 0 0 0 0 1494444 1754582 1579482 1595514 1249595 2 4 0 3 0 139 0 0 0 0 0 0 0 0 0 348 0 0 0 0 0 0 0 0 0 0 0 0 0 0 0 0 0 0 0 0 0 0 0 0 0 0 302 0 0 0 0 0 0 0 0 0 0 0 0 0 0 0 0 0 0 0 0 0 0 0 0 0 0 0 0 0 0 0 0
ctxt 3008275947
btime 1778536932
processes 3177157
procs_running 2
procs_blocked 0
softirq 1204481596 9 252487993 2658398 194291156 6328 0 3784280 417865491 125465 333262476
