cpu  2942265341 900083611 430318534 56614694441 11688823 0 2285676 0 0 0
cpu0 20763752 8361156 6263302 503245818 425049 0 43810 0 0 0
cpu1 16294811 13620246 6464416 506364368 440756 0 36376 0 0 0
cpu2 23407779 14887284 5841053 498873675 441789 0 45964 0 0 0
cpu3 18278160 15575236 5801777 503421463 441560 0 33864 0 0 0
cpu4 38204146 16017153 5723227 483138097 459844 0 39979 0 0 0
cpu5 20387186 17193807 5747099 499764035 446213 0 34419 0 0 0
cpu6 19730460 18040849 5860522 499420226 433498 0 48155 0 0 0
cpu7 19546091 17481147 5771883 500270238 460004 0 34250 0 0 0
cpu8 19232055 17503416 5620445 500696764 467573 0 34519 0 0 0
cpu9 19557625 17729850 5646809 500130109 449338 0 35416 0 0 0
cpu10 20022339 17648471 5607000 499773245 468142 0 34337 0 0 0
cpu11 19643646 17994820 5529692 499883132 460389 0 35957 0 0 0
cpu12 19800792 18110709 5544347 499902538 151405 0 34952 0 0 0
cpu13 19661101 17610000 5521379 500547131 161926 0 35349 0 0 0
cpu14 19504914 17666100 5782569 500187507 82906 0 189301 0 0 0
cpu15 20099036 16942635 5684449 500672301 94949 0 39937 0 0 0
cpu16 19436502 17317287 6253759 500249039 116209 0 73965 0 0 0
cpu17 19579104 16719649 5831262 501252768 109218 0 35444 0 0 0
cpu18 19995153 16728096 5761347 500897821 110366 0 35428 0 0 0
cpu19 19596272 16583550 5642546 501540105 125673 0 35148 0 0 0
cpu20 23107339 16056469 5615044 498600000 120108 0 35507 0 0 0
cpu21 19995374 16115145 5553902 501692106 124519 0 36741 0 0 0
cpu22 20412121 15961870 5501791 501466233 137498 0 38245 0 0 0
cpu23 21950776 15921841 5518851 499958825 136775 0 38543 0 0 0
cpu24 19613774 15650431 5646305 502404037 128344 0 48543 0 0 0
cpu25 19403330 15540607 5587848 502824459 139835 0 35202 0 0 0
cpu26 19404853 15665466 5530169 502710129 163422 0 35159 0 0 0
cpu27 24234676 16347995 5924276 496817507 141745 0 35101 0 0 0
cpu28 105762016 0 4863881 433519241 24316 0 3014 0 0 0
cpu29 62880375 0 4403971 476853098 39300 0 578 0 0 0
cpu30 69003536 0 4447328 470703093 25411 0 483 0 0 0
cpu31 70098976 0 4816130 469233222 28603 0 547 0 0 0
cpu32 48079504 0 3435935 492633242 28381 0 556 0 0 0
cpu33 85211103 0 4780670 454149586 37208 0 511 0 0 0
cpu34 68344499 0 4766414 471038225 27863 0 527 0 0 0
cpu35 37214829 0 2861975 504063410 38645 0 506 0 0 0
cpu36 49948654 0 2963051 491152641 35153 0 497 0 0 0
cpu37 54398223 0 3468065 486199542 33058 0 466 0 0 0
cpu38 70850001 0 4424864 468792549 29529 0 499 0 0 0
cpu39 42828819 0 2504944 498727564 34534 0 503 0 0 0
cpu40 41154886 0 2521905 500396074 23149 0 516 0 0 0
cpu41 69288718 0 4435281 470342286 27306 0 568 0 0 0
cpu42 37345885 0 2187062 504540279 26460 0 477 0 0 0
cpu43 53807735 0 3232025 487024350 34039 0 556 0 0 0
cpu44 54213012 0 3490091 486357105 33653 0 536 0 0 0
cpu45 64238980 0 4061570 475764458 33149 0 486 0 0 0
cpu46 50971366 0 3297661 489794784 32890 0 479 0 0 0
cpu47 56426749 0 3605008 484026901 36813 0 534 0 0 0
cpu48 90557772 0 6024435 447471723 36427 0 574 0 0 0
cpu49 74017608 0 4827076 465214230 36128 0 552 0 0 0
cpu50 66663681 0 3980062 473420103 28251 0 573 0 0 0
cpu51 52184214 0 3159757 488715622 30640 0 484 0 0 0
cpu52 60393412 0 3816265 479845235 38935 0 532 0 0 0
cpu53 74031129 0 4648440 465381305 29446 0 629 0 0 0
cpu54 50480748 0 3066311 490506060 35156 0 462 0 0 0
cpu55 73559037 0 4729225 465758610 40943 0 452 0 0 0
cpu56 23624329 19493420 5674639 494491260 156317 0 37408 0 0 0
cpu57 22898042 18968051 7160034 494293450 137296 0 36131 0 0 0
cpu58 22208592 18011484 6015199 497064110 137244 0 35505 0 0 0
cpu59 22631491 17752030 5980023 496921912 140100 0 34364 0 0 0
cpu60 21411584 16698434 5780989 499403038 132502 0 40494 0 0 0
cpu61 21999530 16741648 5734365 498822259 128488 0 34651 0 0 0
cpu62 21757449 16790443 5829657 498872158 136024 0 47645 0 0 0
cpu63 21580261 15781611 5651333 500306283 116860 0 36000 0 0 0
cpu64 21750833 15662147 5641388 500258283 116763 0 36612 0 0 0
cpu65 21589466 15482336 5660229 500591653 109644 0 35970 0 0 0
cpu66 21538218 15291125 5675811 500802618 109869 0 43278 0 0 0
cpu67 21517118 14736307 5576018 501503037 108771 0 34333 0 0 0
cpu68 21673680 15239831 5561737 500866048 102847 0 33763 0 0 0
cpu69 21491898 15200718 5570486 501050909 110533 0 37332 0 0 0
cpu70 21197139 14684193 5567534 501885279 96871 0 40014 0 0 0
cpu71 21145279 14404541 5557071 502209105 119676 0 38187 0 0 0
cpu72 21703313 14257005 5556723 501815989 105916 0 33143 0 0 0
cpu73 21585017 14587815 5508996 501666353 103510 0 34129 0 0 0
cpu74 21353896 14264261 5523023 502186533 119925 0 33717 0 0 0
cpu75 21563099 14244894 5534082 501977756 122301 0 33063 0 0 0
cpu76 22840584 14956587 5671907 499833555 122414 0 40760 0 0 0
cpu77 22787098 15079709 5662273 499791295 108674 0 34010 0 0 0
cpu78 22423622 15386911 5687521 499798871 128397 0 39185 0 0 0
cpu79 22775822 15614133 5618155 499307300 121261 0 35787 0 0 0
cpu80 22353474 15533538 5704203 499713634 102149 0 40488 0 0 0
cpu81 22645149 15635253 5619814 499414193 118847 0 34341 0 0 0
cpu82 22844066 16553051 5674467 498230779 109493 0 34251 0 0 0
cpu83 31453990 16040827 6245111 489552345 118918 0 34363 0 0 0
cpu84 35 0 1689 544115229 0 0 0 0 0 0
cpu85 0 0 0 544115364 0 0 0 0 0 0
cpu86 0 0 0 544113313 0 0 0 0 0 0
cpu87 0 0 0 544114491 0 0 0 0 0 0
cpu88 0 0 0 544113216 0 0 0 0 0 0
cpu89 0 0 0 544114289 0 0 0 0 0 0
cpu90 0 0 0 544112061 0 0 0 0 0 0
cpu91 0 0 0 544111182 0 0 0 0 0 0
cpu92 4452 0 18 544104581 0 0 0 0 0 0
cpu93 0 0 0 544108232 0 0 0 0 0 0
cpu94 0 0 0 544106156 0 0 0 0 0 0
cpu95 0 0 0 544104822 0 0 0 0 0 0
cpu96 0 0 0 544104489 0 0 0 0 0 0
cpu97 0 0 0 544099407 0 0 0 0 0 0
cpu98 0 0 0 544105527 0 0 0 0 0 0
cpu99 0 0 0 544103934 0 0 0 0 0 0
cpu100 1021092 0 553 543079223 0 0 0 0 0 0
cpu101 0 0 0 544104558 0 0 0 0 0 0
cpu102 0 0 0 544103157 0 0 0 0 0 0
cpu103 0 0 0 544101464 0 0 0 0 0 0
cpu104 0 0 0 544097059 0 0 0 0 0 0
cpu105 0 0 0 544100942 0 0 0 0 0 0
cpu106 0 0 0 544097267 0 0 0 0 0 0
cpu107 0 0 0 544095693 0 0 0 0 0 0
cpu108 0 0 0 544099163 0 0 0 0 0 0
cpu109 0 0 0 544094274 0 0 0 0 0 0
cpu110 0 0 0 544090557 0 0 0 0 0 0
cpu111 77049 0 76972 543926518 2728 0 1 0 0 0
intr 190838169727 115 0 0 0 0 0 0 0 0 10884343 0 0 0 0 0 0 0 0 0 0 0 0 0 0 0 0 0 0 0 0 0 0 0 0 0 0 0 0 231 0 0 1 0 1 0 1 0 1 0 0 0 0 0 0 0 0 0 0 0 1 0 0 0 0 0 0 0 0 0 0 0 0 0 0 7970565 0 0 0 0 0 0 0 24226658 30884346 79459344 634678667 39155977 26686567 78821772 27933300 24336757 26449925 20851600 24497199 19739222 21221191 132945269 83807516 58600237 55763238 79182871 27565117 27034560 50111131 27794403 26946431 39793542 207020249 28354120 37656519 0 0 0 0 0 0 0 0 0 0 0 0 0 0 0 0 0 0 0 0 0 0 0 0 0 0 0 0 1075175 1072985 1068282 1073321 1075037 1075486 1074447 1072854 1360030 622875 562946 619047 570531 555512 639367 493980 499935 598274 712339 475062 506832 673049 430647 521260 646558 630548 567546 621439 772801 663275 730946 569725 589377 688414 636380 841706 0 0 0 0 0 0 0 0 0 0 0 0 0 0 0 0 2 0 0 0 0 0 0 0 0 0 0 13204 2449113 4267133 4089571 3719797 4194447 3775796 3915753 4102332 3833572 3969511 3898941 3875407 3945583 3873447 3828652 3780763 3847929 4100769 3589328 4004298 3435363 3261509 3659383 3772894 3040447 3711346 3806940 3423697 2442081 3100983 3003079 2523611 2777191 2446559 2514200 2775790 2527623 2446708 2558879 2302300 2355360 2455416 2414210 2329260 2673585 2426678 2432430 2467011 2477054 2509853 2372766 2527610 2549980 2544786 2285244 2276155 0 0 0 0 0 0 0 0 0 0 0 0 0 0 0 0 0 0 0 0 0 0 0 0 0 0 0 0 0 0 0 0 0 0 0 0 0 0 0 0 0 0 0 0 0 0 0 0 0 0 0 0 0 0 0 0 0 0 0 0 0 0 0 0 0 0 0 29001 0 0 0 0 0 0 0 0 0 0 0 0 0 0 0 0 0 0 0 0 0 0 0 0 0 0 0 0 0 0 0 0 0 0 0 0 0 0 0 0 0 0 0 0 0 0 0 0 0 0 0 0 0 0 0 0 0 0 0 0 0 0 0 0 13135 9 0 0 0 0 0 0 0 0 20025 0 0 0 0 0 0 0 0 0 0 0 0 0 0 0 0 0 19839 0 0 0 0 0 0 0 0 7 0 11 0 0 0 259439 0 5 0 0 0 0 0 0 0 0 0 0 0 0 0 0 0 0 0 0 0 0 0 0 0 0 0 0 0 0 0 0 0 0 0 0 0 0 0 0 0 0 0 0 0 0 0 0 0 0 0 0 0 0 0 0 0 0 0 0 0 0 0 0 0 0 0 0 0 0 0 0 0 0 0 0 0 0 0 0 0 0 0 0 0 0 0 0 0 0 0 0 0 0 0 0 0 0 0 0 0 0 0 0 0 0 0 0 0 0 0 0 0 0 0 0 0 0 0 0 0 0 0 0 0 0 0 0 0 0 0 0 0 0 0 0 0 0 0 0 0 0 0 0 0 0 0 0 0 0 0 0 0 0 0 0 0 0 0 0 0 0 0 0 0 0 0 0 0 0 0 0 0 0 0 0 0 0 0 0 0 0 0 0 0 0 0 0 0 0 0 0 0 0 0 0 0 0 0 0 0 0 0 0 0 0 0 0 0 0 0 0 0 0 0 0 0 0 0 0 0 0 0 0 0 0 0 0 0 0 0 0 0 0 0 0 0 0 0 0 0 0 0 0 0 0 0 0 0 0 0 0 0 0 0 0 0 0 0 0 0 0 0 0 0 0 0 0 0 0 0 0 0 0 0 0 0 0 0 0 0 0 0 0 0 0 0 0 0 0 0 0 0 0 0 0 0 0 0 0 0 0 0 0 0 0 0 0 0 0 0 0 0 0 0 0 0 0 0 0 0 0 0 0 0 0 0 0 0 0 0 0 0 0 0 0 0 0 0 0 0 0 0 0 0 0 0 0 0 0 0 0 0 0 0 0 0 0 0 0 0 0 0 0 0 0 0 0 0 0 0 0 0 0 0 0 0 0 0 0 0 0 0 0 0 0 0 0 0 0 0 0 0 0 0 0 0 0 0 0 0 0 0 0 0 0 0 0 0 0 0 0 0 0 0 0 0 0 0 0 0 0 0 0 0 0 0 0 0 0 0 0 0 0 0 0 0 0 0 0 0 0 0 0 0 0 0 0 0 0 0 0 0 0 0 0 0 0 0 0 0 0 0 0 0 0 0 0 0 0 0 0 0 0 0 0 0 0 0 0 0 0 0 0 0 0 0 0 0 0 0 0 0 0 0 0 0 0 0 0 0 0 0 0 0 0 0 0 0 0 0 0 0 0 0 0 0 0 0 0 0 0 0 0 0 0 0 0 0 0 0 0 0 0 0 0 0 0 0 0 0 0 0 0 0 0 0 0 0 0 0 0 0 0 0 0 0 0 0 0 0 0 0 0 0 0 0 0 0 0 0 0 0 0 0 0 0 0 0 0 0 0 0 0 0 0 0 0 0 0 0 0 0 0 0 0 0 0 0 0 0 0 0 0 0 0 0 0 0 0 0 0 0 0 0 0 0 0 0 0 0 0 0 0 0 0 0 0 0 0 0 0 0 0 0 0 0 0 0 0 0 0 0 0 0 0 0 0 0 0 0 0 0 0 0 0 0 0 0 0 0 0 0 0 0 0 0 0 0 0 0 0 0 0 0 0 0 0 0 0 0 0 0 0 0 0 0 0 0 0 0 0 0 0 0 0 0 0 0 0 0 0 0 0 0 0 0 0 0 0 0 0 0 0 0 0 0 0 0 0 0 0 0 0 0 0 0 0 0 0 0 0 0 0 0 0 0 0 0 0 0 0 0 0 0 0 0 0 0 0 0 0 0 0 0 0 0 0 0 0 0 0 0 0 0 0 0 0 0 0 0 0 0 0 0 0 0 0 0 0 0 0 0 0 0 0 0 0 0 0 0 0 0 0 0 0 0 0 0 0 0 0 0 0 0 0 0 0 0 0 0 0 0 0 0 0 0 0 0 0 0 0 0 0 0 0 0 0 0 0 0 0 0 0 0 0 0 0 0 0 0 0 0 0 0 0 0 0 0 0 0 0 0 0 0 0 0 0 0 0 0 0 0 0 0 0 0 0 0 0 0 0 0 0 0 0 0 0 0 0 0 0 0 0 0 0
ctxt 173861348467
btime 1783966742
processes 637740553
procs_running 8
procs_blocked 0
softirq 29204176542 8 1201984489 26315628 2009480083 0 0 220289598 1568225953 9829488 2693214815
