cpu  96819537 2840766 5832896 86998004051 99376 0 170439 0 0 0
cpu0 9624983 522830 2509670 1075429216 21533 0 16685 0 0 0
cpu1 9241724 476666 1195554 1077008281 18272 0 72832 0 0 0
cpu2 19368881 612416 895454 1067336141 19676 0 21857 0 0 0
cpu3 25741440 884502 916404 1060698950 22431 0 21358 0 0 0
cpu4 16180570 344352 285901 1071302853 17449 0 37707 0 0 0
cpu5 1478750 0 655 1087359687 0 0 0 0 0 0
cpu6 803775 0 525 1088034805 0 0 0 0 0 0
cpu7 30968 0 10 1088808142 0 0 0 0 0 0
cpu8 379070 0 2688 1088457308 7 0 0 0 0 0
cpu9 1 0 1 1088839126 0 0 0 0 0 0
cpu10 1055307 0 149 1087783641 0 0 0 0 0 0
cpu11 0 0 1 1088839132 0 0 0 0 0 0
cpu12 0 0 1 1088839114 0 0 0 0 0 0
cpu13 0 0 0 1088839119 0 0 0 0 0 0
cpu14 0 0 0 1088839116 0 0 0 0 0 0
cpu15 0 0 1 1088839133 0 0 0 0 0 0
cpu16 0 0 13 1088838767 0 0 0 0 0 0
cpu17 0 0 0 1088839099 0 0 0 0 0 0
cpu18 0 0 0 1088838984 0 0 0 0 0 0
cpu19 0 0 0 1088839110 0 0 0 0 0 0
cpu20 5890862 0 4973 1082943295 4 0 0 0 0 0
cpu21 0 0 1 1088839117 0 0 0 0 0 0
cpu22 0 0 0 1088839116 0 0 0 0 0 0
cpu23 0 0 0 1088839122 0 0 0 0 0 0
cpu24 0 0 0 1088837676 0 0 0 0 0 0
cpu25 0 0 0 1088839131 0 0 0 0 0 0
cpu26 0 0 0 1088839037 0 0 0 0 0 0
cpu27 0 0 0 1088839087 0 0 0 0 0 0
cpu28 0 0 0 1088839118 0 0 0 0 0 0
cpu29 0 0 0 1088839119 0 0 0 0 0 0
cpu30 166264 0 83 1088672763 0 0 0 0 0 0
cpu31 0 0 0 1088839094 0 0 0 0 0 0
cpu32 97143 0 109 1088741579 0 0 0 0 0 0
cpu33 0 0 0 1088839111 0 0 0 0 0 0
cpu34 0 0 1 1088839014 0 0 0 0 0 0
cpu35 0 0 1 1088839105 0 0 0 0 0 0
cpu36 0 0 1 1088837585 0 0 0 0 0 0
cpu37 0 0 1 1088839100 0 0 0 0 0 0
cpu38 0 0 0 1088839017 0 0 0 0 0 0
cpu39 0 0 0 1088839113 0 0 0 0 0 0
cpu40 1902089 0 3996 1086933015 0 0 0 0 0 0
cpu41 0 0 0 1088839102 0 0 0 0 0 0
cpu42 1101075 0 1173 1087736867 0 0 0 0 0 0
cpu43 0 0 0 1088839150 0 0 0 0 0 0
cpu44 0 0 0 1088839132 0 0 0 0 0 0
cpu45 0 0 1 1088839127 0 0 0 0 0 0
cpu46 0 0 0 1088839127 0 0 0 0 0 0
cpu47 1421869 0 14864 1087402327 0 0 0 0 0 0
cpu48 0 0 11 1088839047 0 0 0 0 0 0
cpu49 0 0 0 1088839118 0 0 0 0 0 0
cpu50 19 0 0 1088839073 0 0 0 0 0 0
cpu51 0 0 0 1088839090 0 0 0 0 0 0
cpu52 0 0 0 1088839121 0 0 0 0 0 0
cpu53 0 0 0 1088839091 0 0 0 0 0 0
cpu54 0 0 0 1088839108 0 0 0 0 0 0
cpu55 0 0 1 1088839109 0 0 0 0 0 0
cpu56 0 0 0 1088839008 0 0 0 0 0 0
cpu57 0 0 1 1088839102 0 0 0 0 0 0
cpu58 0 0 1 1088839007 0 0 0 0 0 0
cpu59 0 0 0 1088839086 0 0 0 0 0 0
cpu60 2322946 0 646 1086515508 0 0 0 0 0 0
cpu61 283 0 0 1088838815 0 0 0 0 0 0
cpu62 0 0 0 1088839093 0 0 0 0 0 0
cpu63 0 0 0 1088839106 0 0 0 0 0 0
cpu64 0 0 0 1088838896 0 0 0 0 0 0
cpu65 0 0 0 1088839090 0 0 0 0 0 0
cpu66 0 0 0 1088839032 0 0 0 0 0 0
cpu67 0 0 0 1088839068 0 0 0 0 0 0
cpu68 0 0 0 1088839086 0 0 0 0 0 0
cpu69 0 0 0 1088839091 0 0 0 0 0 0
cpu70 11513 0 1 1088827573 0 0 0 0 0 0
cpu71 0 0 0 1088839080 0 0 0 0 0 0
cpu72 0 0 0 1088837403 0 0 0 0 0 0
cpu73 0 0 0 1088839078 0 0 0 0 0 0
cpu74 0 0 0 1088837161 0 0 0 0 0 0
cpu75 0 0 0 1088839055 0 0 0 0 0 0
cpu76 0 0 0 1088835079 0 0 0 0 0 0
cpu77 0 0 0 1088839007 0 0 0 0 0 0
cpu78 0 0 0 1088838929 0 0 0 0 0 0
cpu79 5 0 4 1088839028 0 0 0 0 0 0
intr 2058955056 0 10235675 646158685 0 0 0 9849054 0 0 0 0 0 1194847135 0 0 0 0 0 0 0 0 0 0 0 0 0 0 0 0 0 0 414 0 1 0 0 1110 0 0 0 0 0 0 0 0 0 0 0 0 0 0 868 808 0 0 749 707 0 0 0 0 0 0 0 0 0 0 0 0 0 0 0 0 0 0 0 0 0 0 0 0 0 0 0 0 0 0 0 0 0 0 0 0 0 0 0 0 0 0 0 0 36 0 0 0 0 0 0 0 14876 0 0 1 0 0 0 59058545 28210996 10231359 24108658 9716533 39298072 10920482 8619533 6323 0 0 0 0 0 0 0 0 0 0 1494448 1754593 1579482 1595514 1249596 2 4 0 3 0 139 0 0 0 0 0 0 0 0 0 348 0 0 0 0 0 0 0 0 0 0 0 0 0 0 0 0 0 0 0 0 0 0 0 0 0 0 302 0 0 0 0 0 0 0 0 0 0 0 0 0 0 0 0 0 0 0 0 0 0 0 0 0 0 0 0 0 0 0 0
ctxt 3008320801
btime 1778536932
processes 3177264
procs_running 3
procs_blocked 0
softirq 1204501095 9 252490215 2658398 194297936 6328 0 3784282 417869188 125465 333269274
